# Blender v2.70 (sub 0) OBJ File: 'tube_2.blend'
# www.blender.org
mtllib walls.mtl
g wall.002_Cube.004
v -11.355505 -2.210936 54.767937
v -11.468063 -2.210936 52.469666
v -10.532221 -2.210936 52.424431
v -10.419664 -2.210936 54.722702
v -11.355505 -1.576232 54.767937
v -11.468063 -1.576232 52.469666
v -10.532221 -1.576232 52.424431
v -10.419664 -1.576232 54.722702
vt 0.548366 0.652574
vt 0.548367 0.000200
vt 0.733770 0.000198
vt 0.652974 0.838545
vt 0.652974 0.653141
vt 0.918609 0.653142
vt 0.000200 0.838544
vt 0.000198 0.653141
vt 0.652577 0.653141
vt 0.999802 0.000198
vt 0.999802 0.185603
vt 0.734167 0.185601
vt 0.274282 0.000198
vt 0.547969 0.000367
vt 0.547969 0.652744
vt 0.273886 0.000198
vt 0.273885 0.652576
vt 0.000198 0.652744
vt 0.733770 0.652575
vt 0.918609 0.838544
vt 0.652577 0.838544
vt 0.734167 0.000199
vt 0.274282 0.652575
vt 0.000199 0.000367
vn -0.998803 0.000000 0.048917
vn -0.048277 0.000000 -0.998834
vn 0.998803 0.000000 -0.048916
vn 0.048277 0.000000 0.998834
vn 0.000000 -1.000000 0.000000
vn 0.000000 1.000000 0.000000
vn -0.048290 0.000000 -0.998833
usemtl Wall
s off
f 5/1/1 6/2/1 2/3/1
f 7/4/2 3/5/2 2/6/2
f 8/7/3 4/8/3 3/9/3
f 5/10/4 1/11/4 4/12/4
f 2/13/5 3/14/5 4/15/5
f 8/16/6 7/17/6 6/18/6
f 1/19/1 5/1/1 2/3/1
f 6/20/7 7/4/7 2/6/7
f 7/21/3 8/7/3 3/9/3
f 8/22/4 5/10/4 4/12/4
f 1/23/5 2/13/5 4/15/5
f 5/24/6 8/16/6 6/18/6
g wall.001_Cube.003
v -12.213999 -2.210936 40.132660
v -12.326557 -2.210936 37.834389
v -11.390715 -2.210936 37.789154
v -11.278158 -2.210936 40.087425
v -12.213999 -1.576232 40.132660
v -12.326557 -1.576232 37.834389
v -11.390715 -1.576232 37.789154
v -11.278158 -1.576232 40.087425
vt 0.548367 0.000200
vt 0.733770 0.000198
vt 0.733770 0.652575
vt 0.918609 0.838544
vt 0.652974 0.838545
vt 0.652974 0.653141
vt 0.000200 0.838544
vt 0.000198 0.653141
vt 0.652577 0.653141
vt 0.999802 0.000198
vt 0.999802 0.185603
vt 0.734167 0.185601
vt 0.274282 0.000198
vt 0.547969 0.000367
vt 0.547969 0.652744
vt 0.273886 0.000198
vt 0.273885 0.652576
vt 0.000198 0.652744
vt 0.548366 0.652574
vt 0.918609 0.653142
vt 0.652577 0.838544
vt 0.734167 0.000199
vt 0.274282 0.652575
vt 0.000199 0.000367
vn -0.998803 0.000000 0.048917
vn -0.048284 0.000000 -0.998834
vn 0.998803 0.000000 -0.048916
vn 0.048277 0.000000 0.998834
vn 0.000000 -1.000000 0.000000
vn 0.000000 1.000000 0.000000
vn -0.048277 0.000000 -0.998834
usemtl Wall
s off
f 14/25/8 10/26/8 9/27/8
f 14/28/9 15/29/9 11/30/9
f 16/31/10 12/32/10 11/33/10
f 13/34/11 9/35/11 12/36/11
f 10/37/12 11/38/12 12/39/12
f 16/40/13 15/41/13 14/42/13
f 13/43/8 14/25/8 9/27/8
f 10/44/14 14/28/14 11/30/14
f 15/45/10 16/31/10 11/33/10
f 16/46/11 13/34/11 12/36/11
f 9/47/12 10/37/12 12/39/12
f 13/48/13 16/40/13 14/42/13
g wall_Cube
v -10.456131 -2.210936 66.214523
v -10.568688 -2.210936 63.916252
v -9.632847 -2.210936 63.871017
v -9.520289 -2.210936 66.169289
v -10.456131 -1.576232 66.214523
v -10.568688 -1.576232 63.916252
v -9.632847 -1.576232 63.871017
v -9.520289 -1.576232 66.169289
vt 0.548367 0.000200
vt 0.733770 0.000198
vt 0.733770 0.652575
vt 0.652974 0.838545
vt 0.652974 0.653141
vt 0.918609 0.653142
vt 0.000200 0.838544
vt 0.000198 0.653141
vt 0.652577 0.653141
vt 0.999802 0.000198
vt 0.999802 0.185603
vt 0.734167 0.185601
vt 0.274282 0.000198
vt 0.547969 0.000367
vt 0.547969 0.652744
vt 0.273886 0.000198
vt 0.273885 0.652576
vt 0.000198 0.652744
vt 0.548366 0.652574
vt 0.918609 0.838544
vt 0.652577 0.838544
vt 0.734167 0.000199
vt 0.274282 0.652575
vt 0.000199 0.000367
vn -0.998803 0.000000 0.048916
vn -0.048290 0.000000 -0.998833
vn 0.998803 0.000000 -0.048916
vn 0.048277 0.000000 0.998834
vn 0.000000 -1.000000 0.000000
vn 0.000000 1.000000 -0.000000
vn -0.048277 0.000000 -0.998834
usemtl Wall
s off
f 22/49/15 18/50/15 17/51/15
f 23/52/16 19/53/16 18/54/16
f 24/55/17 20/56/17 19/57/17
f 21/58/18 17/59/18 20/60/18
f 18/61/19 19/62/19 20/63/19
f 24/64/20 23/65/20 22/66/20
f 21/67/15 22/49/15 17/51/15
f 22/68/21 23/52/21 18/54/21
f 23/69/17 24/55/17 19/57/17
f 24/70/18 21/58/18 20/60/18
f 17/71/19 18/61/19 20/63/19
f 21/72/20 24/64/20 22/66/20
