# Blender v2.70 (sub 0) OBJ File: 'PipePanic.blend'
# www.blender.org
mtllib BoostBoundingBoxes.mtl
g BoostBoundingBoxes.003_Cube.023
v 536.959778 -150.529160 1017.589722
v 537.131470 -146.390747 1018.783752
v 532.085754 -146.197510 1018.839539
v 531.914062 -150.335922 1017.645447
v 536.959778 -150.117096 1016.161560
v 537.131470 -145.978683 1017.355652
v 532.085754 -145.785446 1017.411377
v 531.914062 -149.923859 1016.217346
vn 0.999207 -0.038255 -0.011042
vn 0.039832 0.960046 0.276992
vn -0.999206 0.038273 0.011042
vn -0.039835 -0.960048 -0.276985
vn 0.000000 -0.277230 0.960804
vn 0.000024 0.277219 -0.960807
vn 0.999206 -0.038282 -0.011044
vn 0.039830 0.960038 0.277022
vn -0.999206 0.038290 0.011043
vn -0.039814 -0.960038 -0.277022
vn -0.000022 -0.277216 0.960808
vn 0.000000 0.277230 -0.960804
usemtl None
s off
f 6//1 2//1 1//1
f 7//2 3//2 2//2
f 7//3 8//3 4//3
f 8//4 5//4 1//4
f 2//5 3//5 4//5
f 8//6 7//6 6//6
f 5//7 6//7 1//7
f 6//8 7//8 2//8
f 3//9 7//9 4//9
f 4//10 8//10 1//10
f 1//11 2//11 4//11
f 5//12 8//12 6//12
g BoostBoundingBoxes.002_Cube.020
v 784.973816 -9.445736 253.959244
v 786.086548 -9.445736 249.794693
v 790.965149 -9.445736 251.098282
v 789.852417 -9.445736 255.262833
v 784.973816 -7.959345 253.959244
v 786.086548 -7.959345 249.794693
v 790.965149 -7.959345 251.098282
v 789.852417 -7.959345 255.262833
vn -0.966108 0.000000 -0.258137
vn 0.258154 0.000000 -0.966104
vn 0.966108 0.000000 0.258137
vn -0.258146 0.000000 0.966106
vn 0.000000 -1.000000 -0.000000
vn 0.000000 1.000000 0.000000
vn -0.966109 0.000000 -0.258135
vn 0.258146 0.000000 -0.966106
usemtl None
s off
f 14//13 10//13 9//13
f 15//14 11//14 10//14
f 16//15 12//15 11//15
f 13//16 9//16 12//16
f 10//17 11//17 12//17
f 16//18 15//18 14//18
f 13//19 14//19 9//19
f 14//20 15//20 10//20
f 15//15 16//15 11//15
f 16//16 13//16 12//16
f 9//17 10//17 12//17
f 13//18 16//18 14//18
g BoostBoundingBoxes.001_Cube.018
v 253.730499 1.970837 -4.391752
v 253.529633 6.133419 -3.289804
v 258.332092 5.954680 -1.739188
v 258.532959 1.792099 -2.841136
v 253.276306 1.588205 -3.029160
v 253.075439 5.750786 -1.927212
v 257.877899 5.572048 -0.376595
v 258.078766 1.409466 -1.478544
vn -0.951029 0.035408 -0.307067
vn -0.046599 0.965650 0.255635
vn 0.951029 -0.035398 0.307067
vn 0.046599 -0.965650 -0.255632
vn 0.305568 0.257428 -0.916711
vn -0.305569 -0.257423 0.916712
vn -0.951030 0.035379 -0.307067
vn -0.046599 0.965650 0.255634
vn 0.951030 -0.035386 0.307067
vn 0.046600 -0.965649 -0.255639
vn 0.305569 0.257418 -0.916713
usemtl None
s off
f 22//21 18//21 17//21
f 22//22 23//22 19//22
f 24//23 20//23 19//23
f 24//24 21//24 17//24
f 17//25 18//25 19//25
f 23//26 22//26 21//26
f 21//27 22//27 17//27
f 18//28 22//28 19//28
f 23//29 24//29 19//29
f 20//30 24//30 17//30
f 20//31 17//31 19//31
f 24//26 23//26 21//26
g BoostBoundingBoxes_Cube.013
v 248.290054 -9.019159 7.206756
v 249.402847 -9.019159 3.042211
v 254.281448 -9.019159 4.345795
v 253.168655 -9.019159 8.510340
v 248.290054 -7.532768 7.206756
v 249.402847 -7.532768 3.042211
v 254.281448 -7.532768 4.345795
v 253.168655 -7.532768 8.510340
vn -0.966105 0.000000 -0.258149
vn 0.258148 0.000000 -0.966105
vn 0.966105 0.000000 0.258149
vn -0.258148 0.000000 0.966105
vn 0.000000 -1.000000 0.000000
vn 0.000000 1.000000 0.000000
usemtl None
s off
f 30//32 26//32 25//32
f 31//33 27//33 26//33
f 32//34 28//34 27//34
f 29//35 25//35 28//35
f 25//36 26//36 27//36
f 31//37 30//37 29//37
f 29//32 30//32 25//32
f 30//33 31//33 26//33
f 31//34 32//34 27//34
f 32//35 29//35 28//35
f 28//36 25//36 27//36
f 32//37 31//37 29//37
