# Blender v2.70 (sub 0) OBJ File: 'PipePanic_LONG.blend'
# www.blender.org
mtllib Mesh.mtl
g BoostBoundingBoxes.013_Cube.078
v -673.103088 -34.452377 1.338424
v -673.189270 -31.213144 2.810490
v -668.247925 -30.676395 1.918680
v -668.161743 -33.915627 0.446615
v -672.798828 -35.047600 2.666012
v -672.885010 -31.808371 4.138078
v -667.943665 -31.271622 3.246268
v -667.857483 -34.510853 1.774203
vt 0.688587 0.500000
vt 0.377174 0.500000
vt 0.377174 0.000000
vt 0.000000 0.000000
vt 0.688587 0.000000
vt 1.000000 0.000000
vt 0.000000 0.500000
vt 0.377174 1.000000
vt 1.000000 1.000000
vt 0.688587 1.000000
vt 1.000000 0.500000
vt 0.000000 1.000000
vn -0.978527 -0.106283 0.176605
vn -0.024214 0.910135 0.413604
vn 0.978527 0.106283 -0.176606
vn 0.024216 -0.910130 -0.413614
vn -0.204696 0.400452 -0.893161
vn 0.204695 -0.400458 0.893159
vn -0.978524 -0.106306 0.176605
vn -0.024214 0.910130 0.413615
vn 0.978526 0.106292 -0.176605
vn 0.024214 -0.910134 -0.413605
vn -0.204695 0.400454 -0.893161
vn 0.204696 -0.400443 0.893166
usemtl None
s off
f 5/1/1 6/2/1 2/3/1
f 7/4/2 3/3/2 2/2/2
f 8/1/3 4/5/3 3/6/3
f 5/7/4 1/2/4 4/8/4
f 1/9/5 2/10/5 3/1/5
f 7/1/6 6/10/6 5/8/6
f 1/5/7 5/1/7 2/3/7
f 6/7/8 7/4/8 2/2/8
f 7/11/9 8/1/9 3/6/9
f 8/12/10 5/7/10 4/8/10
f 4/11/11 1/9/11 3/1/11
f 8/2/12 7/1/12 5/8/12
g BoostBoundingBoxes.012_Cube.075
v -967.847534 -108.721619 287.789734
v -967.122559 -105.345070 288.650146
v -966.842224 -104.156654 283.750244
v -967.567200 -107.533211 282.889832
v -966.394653 -109.035362 287.796753
v -965.669678 -105.658813 288.657196
v -965.389343 -104.470398 283.757263
v -966.114319 -107.846954 282.896851
vt 0.377174 0.500000
vt 0.377174 0.000000
vt 0.688587 0.000000
vt 0.000000 0.500000
vt 0.000000 0.000000
vt 0.688587 0.500000
vt 1.000000 0.000000
vt 0.000000 1.000000
vt 0.688587 1.000000
vt 1.000000 0.500000
vt 0.377174 1.000000
vt 1.000000 1.000000
vn -0.055518 -0.235342 0.970326
vn 0.203711 0.948715 0.241746
vn 0.055495 0.235341 -0.970327
vn -0.203689 -0.948722 -0.241738
vn -0.977472 0.211012 -0.004729
vn 0.977462 -0.211059 0.004729
vn -0.055541 -0.235362 0.970320
vn 0.203686 0.948719 0.241752
vn 0.055518 0.235319 -0.970331
vn -0.203694 -0.948718 -0.241749
vn -0.977442 0.211149 -0.004729
vn 0.977454 -0.211096 0.004729
usemtl None
s off
f 14/13/13 10/14/13 9/15/13
f 14/16/14 15/17/14 11/14/14
f 16/18/15 12/15/15 11/19/15
f 16/20/16 13/16/16 9/13/16
f 10/21/17 11/18/17 12/22/17
f 15/18/18 14/21/18 13/23/18
f 13/18/19 14/13/19 9/15/19
f 10/13/20 14/16/20 11/14/20
f 15/22/21 16/18/21 11/19/21
f 12/23/22 16/20/22 9/13/22
f 9/24/23 10/21/23 12/22/23
f 16/13/24 15/18/24 13/23/24
g BoostBoundingBoxes.011_Cube.074
v -933.944336 -144.827316 432.008575
v -937.363220 -144.753677 432.994781
v -938.725708 -143.900757 428.207703
v -935.306824 -143.974396 427.221497
v -933.845581 -143.362595 432.241455
v -937.264526 -143.288956 433.227661
v -938.627014 -142.436050 428.440552
v -935.208130 -142.509689 427.454346
vt 0.377174 0.500000
vt 0.377174 0.000000
vt 0.688587 0.000000
vt 0.000000 0.000000
vt 1.000000 0.500000
vt 0.688587 0.500000
vt 0.000000 1.000000
vt 0.000000 0.500000
vt 1.000000 1.000000
vt 0.688587 1.000000
vt 0.377174 1.000000
vt 1.000000 0.000000
vn 0.269824 -0.168887 0.947983
vn -0.960621 0.020687 0.277091
vn -0.269798 0.168861 -0.947995
vn 0.960615 -0.020755 -0.277105
vn -0.066418 -0.985416 -0.156668
vn 0.066415 0.985417 0.156663
vn 0.269811 -0.168906 0.947984
vn -0.960624 0.020556 0.277089
vn -0.269822 0.168866 -0.947987
vn 0.960618 -0.020687 -0.277102
vn -0.066421 -0.985415 -0.156669
vn 0.066414 0.985417 0.156661
usemtl None
s off
f 22/25/25 18/26/25 17/27/25
f 23/28/26 19/26/26 18/25/26
f 23/29/27 24/30/27 20/27/27
f 24/31/28 21/32/28 17/25/28
f 17/33/29 18/34/29 19/30/29
f 23/30/30 22/34/30 21/35/30
f 21/30/31 22/25/31 17/27/31
f 22/32/32 23/28/32 18/25/32
f 19/36/33 23/29/33 20/27/33
f 20/35/34 24/31/34 17/25/34
f 20/29/35 17/33/35 19/30/35
f 24/25/36 23/30/36 21/35/36
g BoostBoundingBoxes.010_Cube.071
v -532.266724 -141.552399 847.005127
v -530.889221 -143.795319 844.609497
v -535.263000 -143.785690 842.085571
v -536.640503 -141.542770 844.481140
v -532.736816 -142.706497 847.815308
v -531.359375 -144.949402 845.419739
v -535.733093 -144.939774 842.895752
v -537.110596 -142.696854 845.291382
vt 0.688587 0.500000
vt 0.377174 0.500000
vt 0.377174 0.000000
vt 0.000000 0.500000
vt 0.000000 0.000000
vt 0.688587 0.000000
vt 1.000000 0.000000
vt 0.000000 1.000000
vt 0.688587 1.000000
vt 1.000000 0.500000
vt 0.377174 1.000000
vt 1.000000 1.000000
vn 0.866130 -0.001950 0.499814
vn 0.387047 -0.630214 -0.673071
vn -0.866131 0.001846 -0.499815
vn -0.387045 0.630186 0.673098
vn 0.316263 0.776435 -0.545093
vn -0.316280 -0.776431 0.545089
vn 0.866122 -0.001892 0.499829
vn 0.387012 -0.630193 -0.673111
vn -0.866121 0.001985 -0.499830
vn -0.387035 0.630195 0.673096
vn 0.316274 0.776430 -0.545094
vn -0.316263 -0.776435 0.545093
usemtl None
s off
f 29/37/37 30/38/37 26/39/37
f 30/40/38 31/41/38 27/39/38
f 32/37/39 28/42/39 27/43/39
f 32/44/40 29/40/40 25/38/40
f 26/45/41 27/37/41 28/46/41
f 31/37/42 30/45/42 29/47/42
f 25/42/43 29/37/43 26/39/43
f 26/38/44 30/40/44 27/39/44
f 31/46/45 32/37/45 27/43/45
f 28/47/46 32/44/46 25/38/46
f 25/48/47 26/45/47 28/46/47
f 32/38/48 31/37/48 29/47/48
g BoostBoundingBoxes.009_Cube.070
v -64.873711 -150.316620 999.456055
v -64.813141 -153.899094 999.241455
v -69.854355 -153.967224 998.955872
v -69.914925 -150.384750 999.170471
v -64.956406 -150.406769 1000.937439
v -64.895836 -153.989243 1000.722778
v -69.937050 -154.057358 1000.437195
v -69.997620 -150.474884 1000.651855
vt 0.687592 0.000000
vt 0.687592 0.500000
vt 0.375183 0.500000
vt 0.000000 0.500000
vt 0.000000 0.000000
vt 0.375183 1.000000
vt 0.687592 1.000000
vt 1.000000 0.500000
vt 0.375183 0.000000
vt 0.000000 1.000000
vt 1.000000 1.000000
vt 1.000000 0.000000
vn 0.998309 0.013490 0.056546
vn 0.016871 -0.998069 -0.059778
vn -0.998309 -0.013491 -0.056551
vn -0.016877 0.998069 0.059782
vn 0.055628 0.060640 -0.996608
vn -0.055623 -0.060657 0.996608
vn 0.998309 0.013488 0.056551
vn 0.016876 -0.998068 -0.059801
vn -0.998309 -0.013487 -0.056546
vn -0.016874 0.998068 0.059799
vn -0.055629 -0.060657 0.996607
usemtl None
s off
f 38/49/49 34/50/49 33/51/49
f 38/51/50 39/52/50 35/53/50
f 40/54/51 36/51/51 35/50/51
f 37/52/52 33/51/52 36/54/52
f 34/55/53 35/50/53 36/56/53
f 40/56/54 39/50/54 38/49/54
f 37/57/55 38/49/55 33/51/55
f 34/57/56 38/51/56 35/53/56
f 39/55/57 40/54/57 35/50/57
f 40/58/58 37/52/58 36/54/58
f 33/59/53 34/55/53 36/56/53
f 37/60/59 40/56/59 38/49/59
g BoostBoundingBoxes.008_Cube.067
v 609.782593 -143.857819 1009.761414
v 609.763000 -147.445526 1009.869751
v 604.719604 -147.410446 1010.121094
v 604.739197 -143.822723 1010.012756
v 609.856812 -143.813416 1011.245300
v 609.837280 -147.401138 1011.353638
v 604.793884 -147.366043 1011.604980
v 604.813416 -143.778320 1011.496643
vt 0.375183 0.000000
vt 0.687592 0.000000
vt 0.687592 0.500000
vt 0.375183 0.500000
vt 0.000000 0.500000
vt 0.000000 0.000000
vt 0.687592 1.000000
vt 0.375183 1.000000
vt 0.000000 1.000000
vt 1.000000 1.000000
vt 1.000000 0.500000
vt 1.000000 0.000000
vn 0.998736 -0.006955 -0.049787
vn -0.005451 -0.999529 0.030192
vn -0.998738 0.006955 0.049746
vn 0.005452 0.999529 -0.030186
vn -0.049991 -0.029873 -0.998303
vn 0.049948 0.029873 0.998305
vn 0.998738 -0.006933 -0.049745
vn -0.005449 -0.999530 0.030151
vn -0.998736 0.006978 0.049786
vn 0.005450 0.999529 -0.030184
vn -0.049944 -0.029873 -0.998305
vn 0.049971 0.029875 0.998304
usemtl None
s off
f 45/61/60 46/62/60 42/63/60
f 46/64/61 47/65/61 43/66/61
f 47/67/62 48/68/62 44/64/62
f 48/69/63 45/65/63 41/64/63
f 41/70/64 42/67/64 43/63/64
f 48/71/65 47/63/65 46/62/65
f 41/64/66 45/61/66 42/63/66
f 42/61/67 46/64/67 43/66/67
f 43/63/68 47/67/68 44/64/68
f 44/68/69 48/69/69 41/64/69
f 44/71/70 41/70/70 43/63/70
f 45/72/71 48/71/71 46/62/71
g BoostBoundingBoxes.007_Cube.066
v 610.174622 -151.902451 1005.448669
v 609.878174 -152.172821 1001.881775
v 604.850708 -151.916214 1002.280151
v 605.147156 -151.645859 1005.847046
v 610.108398 -153.382690 1005.566345
v 609.811951 -153.653061 1001.999451
v 604.784485 -153.396454 1002.397827
v 605.080933 -153.126099 1005.964783
vt 0.687592 0.000000
vt 0.687592 0.500000
vt 0.375183 0.500000
vt 0.000000 0.500000
vt 0.000000 0.000000
vt 0.375183 1.000000
vt 0.000000 1.000000
vt 0.687592 1.000000
vt 1.000000 0.500000
vt 0.375183 0.000000
vt 1.000000 1.000000
vt 1.000000 0.000000
vn 0.995588 -0.050793 -0.078892
vn -0.082617 -0.075305 -0.993732
vn -0.995588 0.050795 0.078893
vn 0.082586 0.075304 0.993735
vn 0.044553 0.995863 -0.079196
vn -0.044561 -0.995864 0.079181
vn 0.995593 -0.050702 -0.078893
vn -0.082586 -0.075304 -0.993735
vn -0.995593 0.050704 0.078896
vn 0.082552 0.075348 0.993734
vn 0.044558 0.995863 -0.079188
vn -0.044548 -0.995864 0.079190
usemtl None
s off
f 54/73/72 50/74/72 49/75/72
f 54/75/73 55/76/73 51/77/73
f 56/78/74 52/75/74 51/74/74
f 56/79/75 53/76/75 49/75/75
f 50/80/76 51/74/76 52/81/76
f 56/81/77 55/74/77 54/73/77
f 53/82/78 54/73/78 49/75/78
f 50/82/79 54/75/79 51/77/79
f 55/80/80 56/78/80 51/74/80
f 52/78/81 56/79/81 49/75/81
f 49/83/82 50/80/82 52/81/82
f 53/84/83 56/81/83 54/73/83
g BoostBoundingBoxes.006_Cube.063
v 610.040283 -147.600861 996.785095
v 610.011169 -144.059479 996.200623
v 604.968018 -144.058411 996.458130
v 604.997070 -147.599792 997.042603
v 609.965454 -147.843201 995.320496
v 609.936340 -144.301819 994.736023
v 604.893188 -144.300751 994.993530
v 604.922241 -147.842133 995.578003
vt 0.375183 0.000000
vt 0.687592 0.000000
vt 0.687592 0.500000
vt 0.000000 0.500000
vt 0.000000 0.000000
vt 0.687592 1.000000
vt 0.375183 1.000000
vt 0.375183 0.500000
vt 1.000000 0.500000
vt 1.000000 0.000000
vt 0.000000 1.000000
vt 1.000000 1.000000
vn 0.998699 -0.000206 -0.050988
vn -0.008111 0.986618 -0.162846
vn -0.998699 0.000229 0.050989
vn 0.008107 -0.986621 0.162826
vn 0.050349 0.163034 0.985335
vn -0.050322 -0.163035 -0.985336
vn 0.998699 -0.000206 -0.050993
vn -0.008103 0.986621 -0.162827
vn -0.998699 0.000229 0.050990
vn 0.008103 -0.986619 0.162843
vn 0.050321 0.163032 0.985337
vn -0.050375 -0.163030 -0.985334
usemtl None
s off
f 61/85/84 62/86/84 58/87/84
f 63/88/85 59/89/85 58/85/85
f 63/90/86 64/91/86 60/92/86
f 61/88/87 57/92/87 60/91/87
f 58/90/88 59/87/88 60/93/88
f 63/87/89 62/86/89 61/94/89
f 57/92/90 61/85/90 58/87/90
f 62/92/91 63/88/91 58/85/91
f 59/87/92 63/90/92 60/92/92
f 64/95/93 61/88/93 60/91/93
f 57/96/94 58/90/94 60/93/94
f 64/93/95 63/87/95 61/94/95
g BoostBoundingBoxes.005_Cube.062
v 1070.104614 -154.434143 838.444641
v 1069.760620 -150.892654 837.972046
v 1065.869629 -150.841156 841.190369
v 1066.213623 -154.382645 841.662964
v 1069.167969 -154.675720 837.316040
v 1068.823975 -151.134232 836.843506
v 1064.932983 -151.082733 840.061829
v 1065.276978 -154.624222 840.534424
vt 0.375183 0.500000
vt 0.375183 0.000000
vt 0.687591 0.000000
vt 0.000000 0.000000
vt 0.687591 0.500000
vt 0.687591 1.000000
vt 0.375183 1.000000
vt 0.000000 1.000000
vt 0.000000 0.500000
vt 0.687592 0.500000
vt 0.687592 0.000000
vt 1.000000 0.000000
vt 1.000000 0.500000
vt 1.000000 1.000000
vt 0.687592 1.000000
vn 0.770562 -0.010170 -0.637284
vn -0.095837 0.986653 -0.131650
vn -0.770488 0.010171 0.637373
vn 0.095833 -0.986654 0.131642
vn 0.630164 0.162467 0.759275
vn -0.630166 -0.162566 -0.759252
vn 0.770523 -0.010205 -0.637330
vn -0.095833 0.986654 -0.131642
vn -0.770523 0.010250 0.637330
vn 0.095839 -0.986653 0.131650
vn 0.630148 0.162575 0.759265
vn -0.630162 -0.162470 -0.759275
usemtl None
s off
f 70/97/96 66/98/96 65/99/96
f 71/100/97 67/98/97 66/97/97
f 72/101/98 68/102/98 67/103/98
f 72/104/99 69/105/99 65/97/99
f 66/106/100 67/107/100 68/108/100
f 71/109/101 70/110/101 69/111/101
f 69/106/102 70/97/102 65/99/102
f 70/105/103 71/100/103 66/97/103
f 71/97/104 72/101/104 67/103/104
f 68/103/105 72/104/105 65/97/105
f 65/109/106 66/106/106 68/108/106
f 72/101/107 71/109/107 69/111/107
g BoostBoundingBoxes.004_Cube.059
v 1229.864502 -140.875031 615.875854
v 1229.268433 -144.397079 615.524231
v 1227.183228 -144.503204 620.122192
v 1227.779419 -140.981155 620.473816
v 1231.195557 -141.159943 616.472900
v 1230.599487 -144.681992 616.121277
v 1228.514282 -144.788116 620.719238
v 1229.110474 -141.266083 621.070862
vt 0.375183 0.500000
vt 0.375183 0.000000
vt 0.687591 0.000000
vt 0.000000 0.500000
vt 0.000000 0.000000
vt 0.687591 0.500000
vt 0.687591 1.000000
vt 0.375183 1.000000
vt 0.687592 0.500000
vt 0.687592 0.000000
vt 1.000000 0.000000
vt 1.000000 0.500000
vt 1.000000 1.000000
vt 0.687592 1.000000
vt 0.000000 1.000000
vn 0.412857 0.021039 -0.910553
vn -0.166091 -0.981232 -0.097969
vn -0.413010 -0.021003 0.910484
vn 0.166086 0.981233 0.097967
vn -0.895484 0.191699 -0.401696
vn 0.895483 -0.191702 0.401697
vn 0.412936 0.021004 -0.910518
vn -0.166086 -0.981234 -0.097959
vn -0.412861 -0.021005 0.910552
vn 0.166094 0.981232 0.097967
vn -0.895498 0.191696 -0.401665
vn 0.895499 -0.191696 0.401664
usemtl None
s off
f 78/112/108 74/113/108 73/114/108
f 78/115/109 79/116/109 75/113/109
f 80/117/110 76/118/110 75/119/110
f 77/115/111 73/112/111 76/119/111
f 74/120/112 75/121/112 76/122/112
f 79/123/113 78/124/113 77/125/113
f 77/120/114 78/112/114 73/114/114
f 74/112/115 78/115/115 75/113/115
f 79/112/116 80/117/116 75/119/116
f 80/126/117 77/115/117 76/119/117
f 73/123/118 74/120/118 76/122/118
f 80/117/119 79/123/119 77/125/119
g BoostBoundingBoxes.003_Cube.058
v 1234.844238 -152.531876 617.461487
v 1238.033569 -152.531876 619.108459
v 1235.716431 -152.531876 623.595215
v 1232.527222 -152.531876 621.948242
v 1234.844238 -151.045486 617.461487
v 1238.033569 -151.045486 619.108459
v 1235.716431 -151.045486 623.595215
v 1232.527222 -151.045486 621.948242
vt 0.375183 0.500000
vt 0.375183 0.000000
vt 0.687591 0.000000
vt 0.000000 0.000000
vt 0.687591 0.500000
vt 0.687591 1.000000
vt 0.375183 1.000000
vt 0.000000 0.500000
vt 0.687592 0.500000
vt 0.687592 0.000000
vt 1.000000 0.000000
vt 1.000000 0.500000
vt 1.000000 1.000000
vt 0.000000 1.000000
vt 0.687592 1.000000
vn 0.458826 0.000000 -0.888526
vn 0.888509 0.000000 0.458859
vn -0.458840 0.000000 0.888519
vn -0.888516 0.000000 -0.458846
vn 0.000000 -1.000000 0.000003
vn 0.000000 1.000000 0.000000
vn 0.458831 0.000000 -0.888524
vn -0.458845 0.000000 0.888517
vn -0.888523 0.000000 -0.458833
vn 0.000000 -1.000000 0.000000
usemtl None
s off
f 86/127/120 82/128/120 81/129/120
f 87/130/121 83/128/121 82/127/121
f 88/131/122 84/132/122 83/133/122
f 85/134/123 81/127/123 84/133/123
f 82/135/124 83/136/124 84/137/124
f 88/131/125 87/138/125 86/139/125
f 85/135/126 86/127/126 81/129/126
f 86/134/121 87/130/121 82/127/121
f 87/127/127 88/131/127 83/133/127
f 88/140/128 85/134/128 84/133/128
f 81/138/129 82/135/129 84/137/129
f 85/141/125 88/131/125 86/139/125
g BoostBoundingBoxes.001_Cube.055
v 595.630859 9.552117 196.596359
v 594.066284 10.218568 199.959061
v 598.628235 10.040299 202.116974
v 600.192810 9.373849 198.754288
v 595.471680 8.090099 196.812073
v 593.907104 8.756550 200.174759
v 598.469055 8.578281 202.332687
v 600.033691 7.911831 198.969986
vt 0.363855 0.500000
vt 0.363855 0.000000
vt 0.681927 0.000000
vt 0.000000 0.500000
vt 0.000000 0.000000
vt 1.000000 0.500000
vt 1.000000 1.000000
vt 0.681927 1.000000
vt 0.000000 1.000000
vt 0.681927 0.500000
vt 0.363855 1.000000
vt 1.000000 0.000000
vn -0.903407 0.035306 -0.427327
vn -0.415200 0.176887 0.892367
vn 0.903408 -0.035350 0.427323
vn 0.415198 -0.176862 -0.892374
vn 0.107084 0.983602 -0.145120
vn -0.107080 -0.983603 0.145116
vn -0.903405 0.035306 -0.427333
vn -0.415200 0.176879 0.892369
vn 0.903401 -0.035263 0.427345
vn 0.415203 -0.176848 -0.892374
vn 0.107080 0.983603 -0.145117
vn -0.107080 -0.983603 0.145118
usemtl None
s off
f 94/142/130 90/143/130 89/144/130
f 94/145/131 95/146/131 91/143/131
f 96/147/132 92/148/132 91/149/132
f 96/150/133 93/145/133 89/142/133
f 89/147/134 90/151/134 91/144/134
f 96/142/135 95/151/135 94/149/135
f 93/151/136 94/142/136 89/144/136
f 90/142/137 94/145/137 91/143/137
f 95/151/138 96/147/138 91/149/138
f 92/152/139 96/150/139 89/142/139
f 92/153/140 89/147/140 91/144/140
f 93/152/141 96/142/141 94/149/141
g BoostBoundingBoxes.000_Cube.054
v 591.478882 6.058195 206.598801
v 590.514832 2.522592 207.295822
v 595.231506 1.533898 208.804337
v 596.195557 5.069501 208.107315
v 591.845398 5.684031 205.207733
v 590.881348 2.148428 205.904755
v 595.597961 1.159734 207.413269
v 596.562012 4.695337 206.716248
vt 0.683098 1.000000
vt 0.366197 1.000000
vt 0.366197 0.500000
vt 0.366197 0.000000
vt 0.000000 0.500000
vt 0.683098 0.500000
vt 0.000000 1.000000
vt 0.683099 1.000000
vt 1.000000 0.500000
vt 1.000000 0.000000
vt 0.683099 0.500000
vt 0.000000 0.000000
vt 0.683098 0.000000
vt 1.000000 1.000000
vn -0.934038 0.195739 -0.298762
vn -0.258434 -0.947786 0.186852
vn 0.934037 -0.195805 0.298723
vn 0.258433 0.947789 -0.186838
vn -0.246551 0.251725 0.935867
vn 0.246547 -0.251731 -0.935866
vn -0.934027 0.195801 -0.298756
vn -0.258438 -0.947786 0.186847
vn 0.934044 -0.195771 0.298722
vn 0.258431 0.947787 -0.186852
vn -0.246545 0.251725 0.935869
usemtl None
s off
f 101/154/142 102/155/142 98/156/142
f 103/157/143 99/156/143 98/158/143
f 103/159/144 104/156/144 100/157/144
f 104/160/145 101/158/145 97/156/145
f 98/161/146 99/159/146 100/162/146
f 103/163/147 102/162/147 101/164/147
f 97/159/148 101/154/148 98/156/148
f 102/165/149 103/157/149 98/158/149
f 99/166/150 103/159/150 100/157/150
f 100/155/151 104/160/151 97/156/151
f 97/167/152 98/161/152 100/162/152
f 104/166/147 103/163/147 101/164/147
g BoostBoundingBoxes.002_Cube.020
v 592.592590 -6.451532 200.878479
v 593.519226 -6.451532 197.410736
v 598.397827 -6.451532 198.714310
v 597.471191 -6.451532 202.182053
v 592.592590 -4.965141 200.878479
v 593.519226 -4.965141 197.410736
v 598.397827 -4.965141 198.714310
v 597.471191 -4.965141 202.182053
vt 0.375183 0.500000
vt 0.375183 0.000000
vt 0.687591 0.000000
vt 0.000000 0.000000
vt 0.687591 0.500000
vt 0.687591 1.000000
vt 0.375183 1.000000
vt 0.000000 0.500000
vt 1.000000 0.500000
vt 0.687592 0.500000
vt 0.687592 0.000000
vt 1.000000 1.000000
vt 0.687592 1.000000
vt 0.000000 1.000000
vt 1.000000 0.000000
vn -0.966103 0.000000 -0.258158
vn 0.258146 0.000000 -0.966106
vn 0.966103 0.000000 0.258158
vn -0.258146 0.000000 0.966106
vn 0.000000 -1.000000 -0.000000
vn 0.000000 1.000000 -0.000000
usemtl None
s off
f 110/168/153 106/169/153 105/170/153
f 111/171/154 107/169/154 106/168/154
f 112/172/155 108/173/155 107/174/155
f 109/175/156 105/168/156 108/174/156
f 105/176/157 106/177/157 107/178/157
f 111/176/158 110/179/158 109/180/158
f 109/177/153 110/168/153 105/170/153
f 110/175/154 111/171/154 106/168/154
f 111/168/155 112/172/155 107/174/155
f 112/181/156 109/175/156 108/174/156
f 108/182/157 105/176/157 107/178/157
f 112/172/158 111/176/158 109/180/158
