# Blender v2.70 (sub 0) OBJ File: 'PipePanic_LONG.blend'
# www.blender.org
mtllib BoostBoundingBoxes.mtl
g BoostBoundingBoxes.013_Cube.078
v -673.239014 -34.227486 0.967069
v -673.325195 -30.988253 2.439135
v -668.383850 -30.451504 1.547325
v -668.297668 -33.690735 0.075259
v -672.934753 -34.822708 2.294657
v -673.020935 -31.583479 3.766723
v -668.079590 -31.046730 2.874913
v -667.993408 -34.285961 1.402848
vn -0.978529 -0.106260 0.176605
vn -0.024215 0.910130 0.413614
vn 0.978524 0.106306 -0.176605
vn 0.024214 -0.910135 -0.413603
vn -0.204697 0.400447 -0.893164
vn 0.204696 -0.400446 0.893164
vn -0.978522 -0.106329 0.176604
vn -0.024214 0.910134 0.413605
vn 0.978527 0.106280 -0.176605
vn 0.024215 -0.910134 -0.413605
vn -0.204695 0.400457 -0.893160
vn 0.204695 -0.400454 0.893161
usemtl None
s off
f 6//1 2//1 1//1
f 7//2 3//2 2//2
f 8//3 4//3 3//3
f 8//4 5//4 1//4
f 2//5 3//5 4//5
f 7//6 6//6 5//6
f 5//7 6//7 1//7
f 6//8 7//8 2//8
f 7//9 8//9 3//9
f 4//10 8//10 1//10
f 1//11 2//11 4//11
f 8//12 7//12 5//12
g BoostBoundingBoxes.012_Cube.075
v -967.847534 -108.721619 287.789734
v -967.122559 -105.345070 288.650146
v -966.842224 -104.156654 283.750244
v -967.567200 -107.533211 282.889832
v -966.394653 -109.035362 287.796753
v -965.669678 -105.658813 288.657196
v -965.389343 -104.470398 283.757263
v -966.114319 -107.846954 282.896851
vn -0.055518 -0.235342 0.970326
vn 0.203711 0.948715 0.241746
vn 0.055495 0.235341 -0.970327
vn -0.203689 -0.948722 -0.241738
vn -0.977472 0.211012 -0.004729
vn 0.977462 -0.211059 0.004729
vn -0.055541 -0.235362 0.970320
vn 0.203686 0.948719 0.241752
vn 0.055518 0.235319 -0.970331
vn -0.203694 -0.948718 -0.241749
vn -0.977442 0.211149 -0.004729
vn 0.977454 -0.211096 0.004729
usemtl None
s off
f 14//13 10//13 9//13
f 14//14 15//14 11//14
f 16//15 12//15 11//15
f 16//16 13//16 9//16
f 10//17 11//17 12//17
f 15//18 14//18 13//18
f 13//19 14//19 9//19
f 10//20 14//20 11//20
f 15//21 16//21 11//21
f 12//22 16//22 9//22
f 9//23 10//23 12//23
f 16//24 15//24 13//24
g BoostBoundingBoxes.011_Cube.074
v -933.944336 -144.827316 432.008575
v -937.363220 -144.753677 432.994781
v -938.725708 -143.900757 428.207703
v -935.306824 -143.974396 427.221497
v -933.845581 -143.362595 432.241455
v -937.264526 -143.288956 433.227661
v -938.627014 -142.436050 428.440552
v -935.208130 -142.509689 427.454346
vn 0.269824 -0.168887 0.947983
vn -0.960621 0.020687 0.277091
vn -0.269798 0.168861 -0.947995
vn 0.960615 -0.020755 -0.277105
vn -0.066418 -0.985416 -0.156668
vn 0.066415 0.985417 0.156663
vn 0.269811 -0.168906 0.947984
vn -0.960624 0.020556 0.277089
vn -0.269822 0.168866 -0.947987
vn 0.960618 -0.020687 -0.277102
vn -0.066421 -0.985415 -0.156669
vn 0.066414 0.985417 0.156661
usemtl None
s off
f 22//25 18//25 17//25
f 23//26 19//26 18//26
f 23//27 24//27 20//27
f 24//28 21//28 17//28
f 17//29 18//29 19//29
f 23//30 22//30 21//30
f 21//31 22//31 17//31
f 22//32 23//32 18//32
f 19//33 23//33 20//33
f 20//34 24//34 17//34
f 20//35 17//35 19//35
f 24//36 23//36 21//36
g BoostBoundingBoxes.010_Cube.071
v -532.236206 -141.376434 846.898865
v -530.858704 -143.619354 844.503235
v -535.232483 -143.609726 841.979309
v -536.609985 -141.366806 844.374878
v -532.706299 -142.530533 847.709045
v -531.328857 -144.773438 845.313477
v -535.702576 -144.763809 842.789490
v -537.080078 -142.520889 845.185120
vn 0.866129 -0.001892 0.499816
vn 0.387036 -0.630206 -0.673085
vn -0.866131 0.001800 -0.499815
vn -0.387033 0.630193 0.673099
vn 0.316263 0.776436 -0.545091
vn -0.316269 -0.776436 0.545088
vn 0.866138 -0.001915 0.499801
vn 0.387026 -0.630189 -0.673107
vn -0.866128 0.001984 -0.499819
vn -0.387026 0.630206 0.673091
vn 0.316262 0.776437 -0.545091
vn -0.316250 -0.776437 0.545097
usemtl None
s off
f 30//37 26//37 25//37
f 30//38 31//38 27//38
f 32//39 28//39 27//39
f 32//40 29//40 25//40
f 26//41 27//41 28//41
f 31//42 30//42 29//42
f 29//43 30//43 25//43
f 26//44 30//44 27//44
f 31//45 32//45 27//45
f 28//46 32//46 25//46
f 25//47 26//47 28//47
f 32//48 31//48 29//48
g BoostBoundingBoxes.009_Cube.070
v -64.873711 -150.316620 998.859131
v -64.813141 -153.899094 998.644531
v -69.854355 -153.967224 998.358948
v -69.914925 -150.384750 998.573547
v -64.956406 -150.406769 1000.340515
v -64.895836 -153.989243 1000.125854
v -69.937050 -154.057358 999.840271
v -69.997620 -150.474884 1000.054932
vn 0.998308 0.013491 0.056552
vn 0.016873 -0.998069 -0.059778
vn -0.998308 -0.013493 -0.056556
vn -0.016877 0.998069 0.059782
vn 0.055602 0.060640 -0.996610
vn -0.055636 -0.060657 0.996607
vn 0.998309 0.013488 0.056551
vn 0.016876 -0.998068 -0.059801
vn -0.998309 -0.013487 -0.056546
vn -0.016875 0.998068 0.059799
vn 0.055655 0.060640 -0.996607
vn -0.055629 -0.060657 0.996607
usemtl None
s off
f 38//49 34//49 33//49
f 38//50 39//50 35//50
f 40//51 36//51 35//51
f 37//52 33//52 36//52
f 34//53 35//53 36//53
f 40//54 39//54 38//54
f 37//55 38//55 33//55
f 34//56 38//56 35//56
f 39//57 40//57 35//57
f 40//58 37//58 36//58
f 33//59 34//59 36//59
f 37//60 40//60 38//60
g BoostBoundingBoxes.008_Cube.067
v 609.782593 -143.857819 1009.761414
v 609.763000 -147.445526 1009.869751
v 604.719604 -147.410446 1010.121094
v 604.739197 -143.822723 1010.012756
v 609.856812 -143.813416 1011.245300
v 609.837280 -147.401138 1011.353638
v 604.793884 -147.366043 1011.604980
v 604.813416 -143.778320 1011.496643
vn 0.998736 -0.006955 -0.049787
vn -0.005451 -0.999529 0.030192
vn -0.998738 0.006955 0.049746
vn 0.005452 0.999529 -0.030186
vn -0.049991 -0.029873 -0.998303
vn 0.049948 0.029873 0.998305
vn 0.998738 -0.006933 -0.049745
vn -0.005449 -0.999530 0.030151
vn -0.998736 0.006978 0.049786
vn 0.005450 0.999529 -0.030184
vn -0.049944 -0.029873 -0.998305
vn 0.049971 0.029875 0.998304
usemtl None
s off
f 45//61 46//61 42//61
f 46//62 47//62 43//62
f 47//63 48//63 44//63
f 48//64 45//64 41//64
f 41//65 42//65 43//65
f 48//66 47//66 46//66
f 41//67 45//67 42//67
f 42//68 46//68 43//68
f 43//69 47//69 44//69
f 44//70 48//70 41//70
f 44//71 41//71 43//71
f 45//72 48//72 46//72
g BoostBoundingBoxes.007_Cube.066
v 610.174622 -151.902451 1005.448669
v 609.878174 -152.172821 1001.881775
v 604.850708 -151.916214 1002.280151
v 605.147156 -151.645859 1005.847046
v 610.108398 -153.382690 1005.566345
v 609.811951 -153.653061 1001.999451
v 604.784485 -153.396454 1002.397827
v 605.080933 -153.126099 1005.964783
vn 0.995588 -0.050793 -0.078892
vn -0.082617 -0.075305 -0.993732
vn -0.995588 0.050795 0.078893
vn 0.082586 0.075304 0.993735
vn 0.044553 0.995863 -0.079196
vn -0.044561 -0.995864 0.079181
vn 0.995593 -0.050702 -0.078893
vn -0.082586 -0.075304 -0.993735
vn -0.995593 0.050704 0.078896
vn 0.082552 0.075348 0.993734
vn 0.044558 0.995863 -0.079188
vn -0.044548 -0.995864 0.079190
usemtl None
s off
f 54//73 50//73 49//73
f 54//74 55//74 51//74
f 56//75 52//75 51//75
f 56//76 53//76 49//76
f 50//77 51//77 52//77
f 56//78 55//78 54//78
f 53//79 54//79 49//79
f 50//80 54//80 51//80
f 55//81 56//81 51//81
f 52//82 56//82 49//82
f 49//83 50//83 52//83
f 53//84 56//84 54//84
g BoostBoundingBoxes.006_Cube.063
v 610.040283 -147.600861 996.785095
v 610.011169 -144.059479 996.200623
v 604.968018 -144.058411 996.458130
v 604.997070 -147.599792 997.042603
v 609.965454 -147.843201 995.320496
v 609.936340 -144.301819 994.736023
v 604.893188 -144.300751 994.993530
v 604.922241 -147.842133 995.578003
vn 0.998699 -0.000206 -0.050988
vn -0.008111 0.986618 -0.162846
vn -0.998699 0.000229 0.050989
vn 0.008107 -0.986621 0.162826
vn 0.050349 0.163034 0.985335
vn -0.050322 -0.163035 -0.985336
vn 0.998699 -0.000206 -0.050993
vn -0.008103 0.986621 -0.162827
vn -0.998699 0.000229 0.050990
vn 0.008103 -0.986619 0.162843
vn 0.050321 0.163032 0.985337
vn -0.050375 -0.163030 -0.985334
usemtl None
s off
f 61//85 62//85 58//85
f 63//86 59//86 58//86
f 63//87 64//87 60//87
f 61//88 57//88 60//88
f 58//89 59//89 60//89
f 63//90 62//90 61//90
f 57//91 61//91 58//91
f 62//92 63//92 58//92
f 59//93 63//93 60//93
f 64//94 61//94 60//94
f 57//95 58//95 60//95
f 64//96 63//96 61//96
g BoostBoundingBoxes.005_Cube.062
v 1070.104614 -154.434143 838.444641
v 1069.760620 -150.892654 837.972046
v 1065.869629 -150.841156 841.190369
v 1066.213623 -154.382645 841.662964
v 1069.167969 -154.675720 837.316040
v 1068.823975 -151.134232 836.843506
v 1064.932983 -151.082733 840.061829
v 1065.276978 -154.624222 840.534424
vn 0.770562 -0.010170 -0.637284
vn -0.095837 0.986653 -0.131650
vn -0.770488 0.010171 0.637373
vn 0.095833 -0.986654 0.131642
vn 0.630164 0.162467 0.759275
vn -0.630166 -0.162566 -0.759252
vn 0.770523 -0.010205 -0.637330
vn -0.095833 0.986654 -0.131642
vn -0.770523 0.010250 0.637330
vn 0.095839 -0.986653 0.131650
vn 0.630148 0.162575 0.759265
vn -0.630162 -0.162470 -0.759275
usemtl None
s off
f 70//97 66//97 65//97
f 71//98 67//98 66//98
f 72//99 68//99 67//99
f 72//100 69//100 65//100
f 66//101 67//101 68//101
f 71//102 70//102 69//102
f 69//103 70//103 65//103
f 70//104 71//104 66//104
f 71//105 72//105 67//105
f 68//106 72//106 65//106
f 65//107 66//107 68//107
f 72//108 71//108 69//108
g BoostBoundingBoxes.004_Cube.059
v 1229.864502 -140.875031 615.875854
v 1229.268433 -144.397079 615.524231
v 1227.183228 -144.503204 620.122192
v 1227.779419 -140.981155 620.473816
v 1231.195557 -141.159943 616.472900
v 1230.599487 -144.681992 616.121277
v 1228.514282 -144.788116 620.719238
v 1229.110474 -141.266083 621.070862
vn 0.412857 0.021039 -0.910553
vn -0.166091 -0.981232 -0.097969
vn -0.413010 -0.021003 0.910484
vn 0.166086 0.981233 0.097967
vn -0.895484 0.191699 -0.401696
vn 0.895483 -0.191702 0.401697
vn 0.412936 0.021004 -0.910518
vn -0.166086 -0.981234 -0.097959
vn -0.412861 -0.021005 0.910552
vn 0.166094 0.981232 0.097967
vn -0.895498 0.191696 -0.401665
vn 0.895499 -0.191696 0.401664
usemtl None
s off
f 78//109 74//109 73//109
f 78//110 79//110 75//110
f 80//111 76//111 75//111
f 77//112 73//112 76//112
f 74//113 75//113 76//113
f 79//114 78//114 77//114
f 77//115 78//115 73//115
f 74//116 78//116 75//116
f 79//117 80//117 75//117
f 80//118 77//118 76//118
f 73//119 74//119 76//119
f 80//120 79//120 77//120
g BoostBoundingBoxes.003_Cube.058
v 1234.844238 -152.531876 617.461487
v 1238.033569 -152.531876 619.108459
v 1235.716431 -152.531876 623.595215
v 1232.527222 -152.531876 621.948242
v 1234.844238 -151.045486 617.461487
v 1238.033569 -151.045486 619.108459
v 1235.716431 -151.045486 623.595215
v 1232.527222 -151.045486 621.948242
vn 0.458826 0.000000 -0.888526
vn 0.888509 0.000000 0.458859
vn -0.458840 0.000000 0.888519
vn -0.888516 0.000000 -0.458846
vn 0.000000 -1.000000 0.000003
vn 0.000000 1.000000 0.000000
vn 0.458831 0.000000 -0.888524
vn -0.458845 0.000000 0.888517
vn -0.888523 0.000000 -0.458833
vn 0.000000 -1.000000 0.000000
usemtl None
s off
f 86//121 82//121 81//121
f 87//122 83//122 82//122
f 88//123 84//123 83//123
f 85//124 81//124 84//124
f 82//125 83//125 84//125
f 88//126 87//126 86//126
f 85//127 86//127 81//127
f 86//122 87//122 82//122
f 87//128 88//128 83//128
f 88//129 85//129 84//129
f 81//130 82//130 84//130
f 85//126 88//126 86//126
g BoostBoundingBoxes.001_Cube.055
v 595.630859 9.552117 196.596359
v 594.066284 10.218568 199.959061
v 598.628235 10.040299 202.116974
v 600.192810 9.373849 198.754288
v 595.471680 8.090099 196.812073
v 593.907104 8.756550 200.174759
v 598.469055 8.578281 202.332687
v 600.033691 7.911831 198.969986
vn -0.903407 0.035306 -0.427327
vn -0.415200 0.176887 0.892367
vn 0.903408 -0.035350 0.427323
vn 0.415198 -0.176862 -0.892374
vn 0.107084 0.983602 -0.145120
vn -0.107080 -0.983603 0.145116
vn -0.903405 0.035306 -0.427333
vn -0.415200 0.176879 0.892369
vn 0.903401 -0.035263 0.427345
vn 0.415203 -0.176848 -0.892374
vn 0.107080 0.983603 -0.145117
vn -0.107080 -0.983603 0.145118
usemtl None
s off
f 94//131 90//131 89//131
f 94//132 95//132 91//132
f 96//133 92//133 91//133
f 96//134 93//134 89//134
f 89//135 90//135 91//135
f 96//136 95//136 94//136
f 93//137 94//137 89//137
f 90//138 94//138 91//138
f 95//139 96//139 91//139
f 92//140 96//140 89//140
f 92//141 89//141 91//141
f 93//142 96//142 94//142
g BoostBoundingBoxes.000_Cube.054
v 591.478882 6.058195 206.598801
v 590.514832 2.522592 207.295822
v 595.231506 1.533898 208.804337
v 596.195557 5.069501 208.107315
v 591.845398 5.684031 205.207733
v 590.881348 2.148428 205.904755
v 595.597961 1.159734 207.413269
v 596.562012 4.695337 206.716248
vn -0.934038 0.195739 -0.298762
vn -0.258434 -0.947786 0.186852
vn 0.934037 -0.195805 0.298723
vn 0.258433 0.947789 -0.186838
vn -0.246551 0.251725 0.935867
vn 0.246547 -0.251731 -0.935866
vn -0.934027 0.195801 -0.298756
vn -0.258438 -0.947786 0.186847
vn 0.934044 -0.195771 0.298722
vn 0.258431 0.947787 -0.186852
vn -0.246545 0.251725 0.935869
usemtl None
s off
f 101//143 102//143 98//143
f 103//144 99//144 98//144
f 103//145 104//145 100//145
f 104//146 101//146 97//146
f 98//147 99//147 100//147
f 103//148 102//148 101//148
f 97//149 101//149 98//149
f 102//150 103//150 98//150
f 99//151 103//151 100//151
f 100//152 104//152 97//152
f 97//153 98//153 100//153
f 104//148 103//148 101//148
g BoostBoundingBoxes.002_Cube.020
v 592.592590 -6.451532 200.878479
v 593.519226 -6.451532 197.410736
v 598.397827 -6.451532 198.714310
v 597.471191 -6.451532 202.182053
v 592.592590 -4.965141 200.878479
v 593.519226 -4.965141 197.410736
v 598.397827 -4.965141 198.714310
v 597.471191 -4.965141 202.182053
vn -0.966103 0.000000 -0.258158
vn 0.258146 0.000000 -0.966106
vn 0.966103 0.000000 0.258158
vn -0.258146 0.000000 0.966106
vn 0.000000 -1.000000 -0.000000
vn 0.000000 1.000000 -0.000000
usemtl None
s off
f 110//154 106//154 105//154
f 111//155 107//155 106//155
f 112//156 108//156 107//156
f 109//157 105//157 108//157
f 105//158 106//158 107//158
f 111//159 110//159 109//159
f 109//154 110//154 105//154
f 110//155 111//155 106//155
f 111//156 112//156 107//156
f 112//157 109//157 108//157
f 108//158 105//158 107//158
f 112//159 111//159 109//159
