# Blender v2.70 (sub 0) OBJ File: 'PipePanic.blend'
# www.blender.org
mtllib WallBoundingBoxes.mtl
g WallBoundingBox.004_Cube.009
v 497.603210 -8.791354 160.774918
v 498.940582 -8.272856 158.769791
v 500.951752 -8.028130 160.174484
v 499.614380 -8.546628 162.179611
v 497.108734 -6.393607 161.065140
v 498.446106 -5.875109 159.060013
v 500.457275 -5.630383 160.464706
v 499.119904 -6.148881 162.469833
vn -0.815779 -0.099296 -0.569776
vn 0.542470 0.210304 -0.813326
vn 0.815780 0.099276 0.569778
vn -0.542466 -0.210333 0.813321
vn 0.200573 -0.972580 -0.117725
vn -0.200565 0.972582 0.117719
vn -0.815785 -0.099256 -0.569774
vn 0.542467 0.210323 -0.813322
vn 0.815782 0.099295 0.569772
vn -0.542469 -0.210304 0.813326
vn 0.200565 -0.972582 -0.117718
vn -0.200573 0.972580 0.117724
usemtl None
s off
f 5//1 6//1 2//1
f 6//2 7//2 3//2
f 8//3 4//3 3//3
f 8//4 5//4 1//4
f 1//5 2//5 3//5
f 7//6 6//6 5//6
f 1//7 5//7 2//7
f 2//8 6//8 3//8
f 7//9 8//9 3//9
f 4//10 8//10 1//10
f 4//11 1//11 3//11
f 8//12 7//12 5//12
g WallBoundingBox.003_Cube.005
v 358.729340 -8.059171 51.702061
v 360.074860 -8.521971 49.688782
v 362.129822 -8.467690 51.049690
v 360.784302 -8.004889 53.062973
v 358.940491 -5.638263 51.286674
v 360.286011 -6.101064 49.273392
v 362.340973 -6.046783 50.634304
v 360.995453 -5.583982 52.647583
vn -0.833544 -0.021992 -0.552016
vn 0.545776 -0.187718 -0.816633
vn 0.833542 0.022002 0.552017
vn -0.545775 0.187713 0.816635
vn -0.085645 -0.981975 0.168491
vn 0.085647 0.981975 -0.168493
vn -0.833545 -0.022032 -0.552012
vn 0.545780 -0.187717 -0.816631
vn 0.833544 0.022032 0.552014
vn -0.545779 0.187727 0.816630
vn -0.085648 -0.981975 0.168494
vn 0.085647 0.981975 -0.168492
usemtl None
s off
f 14//13 10//13 9//13
f 15//14 11//14 10//14
f 15//15 16//15 12//15
f 16//16 13//16 9//16
f 10//17 11//17 12//17
f 15//18 14//18 13//18
f 13//19 14//19 9//19
f 14//20 15//20 10//20
f 11//21 15//21 12//21
f 12//22 16//22 9//22
f 9//23 10//23 12//23
f 16//24 15//24 13//24
g WallBoundingBox.002_Cube.004
v 211.641754 -8.596894 0.042033
v 211.641754 -8.046882 -2.361176
v 214.107086 -8.046882 -2.361176
v 214.107086 -8.596894 0.042033
v 211.641754 -6.193686 0.592046
v 211.641754 -5.643673 -1.811162
v 214.107086 -5.643673 -1.811162
v 214.107086 -6.193686 0.592046
vn -1.000000 -0.000013 0.000000
vn 0.000000 0.223097 -0.974796
vn 1.000000 0.000020 0.000000
vn 0.000000 -0.223097 0.974796
vn 0.000000 -0.974796 -0.223096
vn 0.000000 0.974796 0.223099
vn -1.000000 0.000020 0.000000
vn 0.000000 0.223099 -0.974796
vn 1.000000 0.000000 0.000000
vn 0.000000 -0.223099 0.974796
vn 0.000000 0.974796 0.223096
usemtl None
s off
f 21//25 22//25 18//25
f 23//26 19//26 18//26
f 24//27 20//27 19//27
f 21//28 17//28 20//28
f 18//29 19//29 20//29
f 23//30 22//30 21//30
f 17//31 21//31 18//31
f 22//32 23//32 18//32
f 23//33 24//33 19//33
f 24//34 21//34 20//34
f 17//29 18//29 20//29
f 24//35 23//35 21//35
g WallBoundingBox.001_Cube.001
v 49.187508 -8.607165 -0.279272
v 49.187508 -8.057153 -2.682480
v 51.652855 -8.057153 -2.682480
v 51.652855 -8.607165 -0.279272
v 49.187508 -6.203958 0.270741
v 49.187508 -5.653944 -2.132467
v 51.652855 -5.653944 -2.132467
v 51.652855 -6.203958 0.270741
vn -1.000000 0.000000 0.000000
vn 0.000000 0.223098 -0.974796
vn 1.000000 0.000000 0.000000
vn 0.000000 -0.223098 0.974796
vn 0.000000 -0.974796 -0.223098
vn 0.000000 0.974796 0.223098
vn 0.000000 0.974796 0.223097
usemtl None
s off
f 29//36 30//36 26//36
f 31//37 27//37 26//37
f 32//38 28//38 27//38
f 29//39 25//39 28//39
f 26//40 27//40 28//40
f 31//41 30//41 29//41
f 25//36 29//36 26//36
f 30//37 31//37 26//37
f 31//38 32//38 27//38
f 32//39 29//39 28//39
f 25//40 26//40 28//40
f 32//42 31//42 29//42
g WallBoundingBox_Cube
v 1.145366 -8.882931 -0.340994
v 1.145366 -8.320018 -2.741213
v 3.610711 -8.320018 -2.741213
v 3.610711 -8.882931 -0.340994
v 1.145366 -6.482712 0.221919
v 1.145366 -5.919799 -2.178300
v 3.610711 -5.919799 -2.178300
v 3.610711 -6.482712 0.221919
vn -1.000000 0.000000 0.000000
vn 0.000000 0.228330 -0.973584
vn 1.000000 0.000000 0.000000
vn 0.000000 -0.228330 0.973584
vn 0.000000 -0.973584 -0.228331
vn 0.000000 0.973584 0.228330
vn 0.000000 -0.228331 0.973584
vn 0.000000 -0.973584 -0.228330
usemtl None
s off
f 37//43 38//43 34//43
f 39//44 35//44 34//44
f 40//45 36//45 35//45
f 37//46 33//46 36//46
f 34//47 35//47 36//47
f 39//48 38//48 37//48
f 33//43 37//43 34//43
f 38//44 39//44 34//44
f 39//45 40//45 35//45
f 40//49 37//49 36//49
f 33//50 34//50 36//50
f 40//48 39//48 37//48
