# Blender v2.70 (sub 0) OBJ File: 'PipePanic.blend'
# www.blender.org
mtllib WallBoundingBoxes.mtl
g WallBoundingBoxes.019_Circle.049
v 707.653015 -151.625061 992.854675
v 707.935791 -151.270233 995.171143
v 710.278992 -151.253250 994.878906
v 709.993164 -151.608093 992.562805
v 707.713501 -153.958679 993.204712
v 707.996338 -153.603851 995.521179
v 710.339478 -153.586868 995.229004
v 710.053650 -153.941711 992.912903
vt 0.000000 0.000000
vn 0.025660 -0.988610 0.148296
vn -0.992469 -0.007344 0.122277
vn 0.121237 0.150325 0.981175
vn -0.025655 0.988612 -0.148285
vn -0.121254 -0.150344 -0.981170
vn 0.992311 0.007197 -0.123556
vn 0.025655 -0.988611 0.148294
vn -0.992465 -0.007404 0.122304
vn 0.121326 0.150322 0.981164
vn -0.025668 0.988610 -0.148296
vn -0.121218 -0.150316 -0.981178
vn 0.992310 0.007142 -0.123568
usemtl Tube_Material
s off
f 8/1/1 7/1/1 6/1/1
f 2/1/2 1/1/2 5/1/2
f 3/1/3 2/1/3 6/1/3
f 2/1/4 3/1/4 4/1/4
f 4/1/5 8/1/5 5/1/5
f 4/1/6 3/1/6 7/1/6
f 5/1/7 8/1/7 6/1/7
f 6/1/8 2/1/8 5/1/8
f 7/1/9 3/1/9 6/1/9
f 1/1/10 2/1/10 4/1/10
f 1/1/11 4/1/11 5/1/11
f 8/1/12 4/1/12 7/1/12
g WallBoundingBoxes.018_Circle.048
v 806.402161 -151.423981 977.449402
v 806.857788 -151.068939 979.738098
v 809.176331 -151.080139 979.284668
v 808.715149 -151.435150 976.997009
v 806.459290 -153.757599 977.800049
v 806.914856 -153.402557 980.088745
v 809.233215 -153.413757 979.635315
v 808.772034 -153.768768 977.347656
vt 0.000000 0.000000
vn 0.024278 -0.988609 0.148533
vn -0.980895 0.005203 0.194469
vn 0.190523 0.150422 0.970090
vn -0.024270 0.988610 -0.148529
vn -0.190476 -0.150417 -0.970100
vn 0.980432 -0.005652 -0.196778
vn 0.024281 -0.988612 0.148516
vn -0.980903 0.005258 0.194425
vn 0.190453 0.150414 0.970105
vn -0.024278 0.988610 -0.148528
vn -0.190457 -0.150435 -0.970101
vn 0.980432 -0.005696 -0.196775
usemtl Tube_Material
s off
f 15/2/13 14/2/13 13/2/13
f 10/2/14 9/2/14 13/2/14
f 11/2/15 10/2/15 14/2/15
f 9/2/16 10/2/16 11/2/16
f 12/2/17 16/2/17 13/2/17
f 11/2/18 15/2/18 16/2/18
f 16/2/19 15/2/19 13/2/19
f 14/2/20 10/2/20 13/2/20
f 15/2/21 11/2/21 14/2/21
f 12/2/22 9/2/22 11/2/22
f 9/2/23 12/2/23 13/2/23
f 12/2/24 11/2/24 16/2/24
g WallBoundingBoxes.017_Circle.047
v 925.143188 -154.508591 940.996277
v 926.240967 -154.175781 943.059326
v 928.306519 -154.331833 941.905396
v 927.178528 -154.662537 939.858337
v 925.172485 -156.841187 941.356995
v 926.270264 -156.508377 943.419983
v 928.334290 -156.664322 942.266907
v 927.206299 -156.995026 940.219910
vt 0.000000 0.000000
vn 0.011111 -0.988083 0.153519
vn -0.885182 0.060249 0.461328
vn 0.490931 0.139119 0.860019
vn -0.011123 0.988087 -0.153494
vn -0.491263 -0.139114 -0.859830
vn 0.878372 -0.063004 -0.473807
vn 0.011077 -0.988088 0.153491
vn -0.885189 0.060204 0.461321
vn 0.490910 0.139129 0.860030
vn -0.011081 0.988085 -0.153511
vn -0.491272 -0.139117 -0.859825
vn 0.878359 -0.063006 -0.473832
usemtl Tube_Material
s off
f 24/3/25 23/3/25 22/3/25
f 17/3/26 21/3/26 22/3/26
f 18/3/27 22/3/27 23/3/27
f 18/3/28 19/3/28 20/3/28
f 17/3/29 20/3/29 24/3/29
f 20/3/30 19/3/30 23/3/30
f 21/3/31 24/3/31 22/3/31
f 18/3/32 17/3/32 22/3/32
f 19/3/33 18/3/33 23/3/33
f 17/3/34 18/3/34 20/3/34
f 21/3/35 17/3/35 24/3/35
f 24/3/36 20/3/36 23/3/36
g WallBoundingBoxes.016_Circle.046
v 1081.458374 -160.473969 816.158936
v 1083.046265 -160.173264 817.879395
v 1084.781982 -160.118774 816.268188
v 1083.190796 -160.419601 814.550781
v 1081.702393 -162.814621 816.342834
v 1083.290283 -162.513901 818.063293
v 1085.027710 -162.459366 816.450378
v 1083.436523 -162.760193 814.732971
vt 0.000000 0.000000
vn 0.103415 -0.991585 0.077878
vn -0.732642 -0.022960 0.680227
vn 0.672650 0.127364 0.728917
vn -0.103413 0.991585 -0.077884
vn -0.672640 -0.127413 -0.728917
vn 0.731241 0.023794 -0.681704
vn 0.103409 -0.991588 0.077846
vn -0.732658 -0.022960 0.680210
vn 0.672657 0.127354 0.728912
vn -0.103413 0.991584 -0.077888
vn -0.672660 -0.127339 -0.728912
vn 0.731282 0.023748 -0.681661
usemtl Tube_Material
s off
f 31/4/37 30/4/37 29/4/37
f 25/4/38 29/4/38 30/4/38
f 26/4/39 30/4/39 31/4/39
f 25/4/40 26/4/40 27/4/40
f 25/4/41 28/4/41 32/4/41
f 27/4/42 31/4/42 32/4/42
f 32/4/43 31/4/43 29/4/43
f 26/4/44 25/4/44 30/4/44
f 27/4/45 26/4/45 31/4/45
f 28/4/46 25/4/46 27/4/46
f 29/4/47 25/4/47 32/4/47
f 28/4/48 27/4/48 32/4/48
g WallBoundingBoxes.015_Circle.045
v 1167.436279 -155.858734 725.472229
v 1169.243164 -155.545898 726.958557
v 1170.743164 -155.442764 725.130615
v 1168.931274 -155.755951 723.650391
v 1167.743408 -158.196167 725.590820
v 1169.550415 -157.883331 727.077148
v 1171.050903 -157.780151 725.248474
v 1169.239136 -158.093338 723.768188
vt 0.000000 0.000000
vn 0.129787 -0.990249 0.050615
vn -0.630155 -0.043464 0.775252
vn 0.762562 0.132446 0.633212
vn -0.129795 0.990246 -0.050649
vn -0.762599 -0.132240 -0.633210
vn 0.627566 0.043465 -0.777349
vn 0.129793 -0.990247 0.050638
vn -0.630164 -0.043553 0.775239
vn 0.762572 0.132317 0.633226
vn -0.129807 0.990245 -0.050647
vn -0.762524 -0.132317 -0.633285
vn 0.627613 0.043509 -0.777309
usemtl Tube_Material
s off
f 39/5/49 38/5/49 37/5/49
f 33/5/50 37/5/50 38/5/50
f 34/5/51 38/5/51 39/5/51
f 33/5/52 34/5/52 35/5/52
f 33/5/53 36/5/53 40/5/53
f 36/5/54 35/5/54 39/5/54
f 40/5/55 39/5/55 37/5/55
f 34/5/56 33/5/56 38/5/56
f 35/5/57 34/5/57 39/5/57
f 36/5/58 33/5/58 35/5/58
f 37/5/59 33/5/59 40/5/59
f 40/5/60 36/5/60 39/5/60
g WallBoundingBoxes.014_Circle.044
v 1211.064453 -152.857849 664.684937
v 1213.044556 -152.533127 665.928162
v 1214.292969 -152.453918 663.920532
v 1212.307007 -152.779007 662.686646
v 1211.381592 -155.194580 664.790161
v 1213.361694 -154.869858 666.033386
v 1214.610107 -154.790649 664.025635
v 1212.624268 -155.115738 662.791809
vt 0.000000 0.000000
vn 0.134388 -0.989929 0.044499
vn -0.527508 -0.033443 0.848891
vn 0.838683 0.137676 0.526930
vn -0.134389 0.989929 -0.044495
vn -0.838660 -0.137668 -0.526969
vn 0.523586 0.032697 -0.851345
vn 0.134399 -0.989927 0.044510
vn -0.527508 -0.033301 0.848897
vn 0.838715 0.137381 0.526957
vn -0.134388 0.989929 -0.044500
vn -0.838716 -0.137494 -0.526926
vn 0.523573 0.032819 -0.851348
usemtl Tube_Material
s off
f 47/6/61 46/6/61 45/6/61
f 42/6/62 41/6/62 45/6/62
f 43/6/63 42/6/63 46/6/63
f 41/6/64 42/6/64 43/6/64
f 44/6/65 48/6/65 45/6/65
f 44/6/66 43/6/66 47/6/66
f 48/6/67 47/6/67 45/6/67
f 46/6/68 42/6/68 45/6/68
f 47/6/69 43/6/69 46/6/69
f 44/6/70 41/6/70 43/6/70
f 41/6/71 44/6/71 45/6/71
f 48/6/72 44/6/72 47/6/72
g WallBoundingBoxes.013_Circle.043
v 1265.635986 -153.073639 526.698730
v 1267.945923 -152.753784 527.064514
v 1268.327026 -152.876953 524.736145
v 1266.014160 -153.195847 524.388428
v 1265.932251 -155.409195 526.870300
v 1268.242188 -155.089325 527.236084
v 1268.622925 -155.212372 524.909973
v 1266.310059 -155.531281 524.562256
vt 0.000000 0.000000
vn 0.125462 -0.989419 0.072866
vn -0.163128 0.051681 0.985250
vn 0.978892 0.135440 0.153057
vn -0.125456 0.989419 -0.072872
vn -0.978895 -0.135401 -0.153072
vn 0.155766 -0.053691 -0.986334
vn 0.125471 -0.989418 0.072868
vn -0.163126 0.051681 0.985251
vn 0.978894 0.135410 0.153069
vn -0.125470 0.989417 -0.072880
vn -0.978911 -0.135275 -0.153079
vn 0.155633 -0.053674 -0.986356
usemtl Tube_Material
s off
f 55/7/73 54/7/73 53/7/73
f 50/7/74 49/7/74 53/7/74
f 51/7/75 50/7/75 54/7/75
f 49/7/76 50/7/76 51/7/76
f 52/7/77 56/7/77 53/7/77
f 52/7/78 51/7/78 55/7/78
f 56/7/79 55/7/79 53/7/79
f 54/7/80 50/7/80 53/7/80
f 55/7/81 51/7/81 54/7/81
f 52/7/82 49/7/82 51/7/82
f 49/7/83 52/7/83 53/7/83
f 56/7/84 52/7/84 55/7/84
g WallBoundingBoxes.012_Circle.042
v 1195.529541 -157.924149 327.022156
v 1196.833374 -157.633575 325.075989
v 1194.813721 -157.399673 323.803650
v 1193.534058 -157.693008 325.765381
v 1195.504028 -160.256088 326.656860
v 1196.807861 -159.965515 324.710724
v 1194.780151 -159.730682 323.433228
v 1193.500488 -160.024033 325.394958
vt 0.000000 0.000000
vn -0.015116 -0.987400 -0.157523
vn 0.833536 -0.094380 0.544344
vn 0.539185 0.124592 -0.832920
vn 0.015125 0.987403 0.157502
vn -0.539087 -0.124548 0.832991
vn -0.840186 0.096921 -0.533568
vn -0.015128 -0.987398 -0.157531
vn 0.833545 -0.094293 0.544345
vn 0.539182 0.124600 -0.832921
vn 0.015138 0.987391 0.157573
vn -0.539059 -0.124616 0.832998
vn -0.840183 0.096835 -0.533587
usemtl Tube_Material
s off
f 64/8/85 63/8/85 62/8/85
f 57/8/86 61/8/86 62/8/86
f 59/8/87 58/8/87 62/8/87
f 58/8/88 59/8/88 60/8/88
f 60/8/89 64/8/89 61/8/89
f 59/8/90 63/8/90 64/8/90
f 61/8/91 64/8/91 62/8/91
f 58/8/92 57/8/92 62/8/92
f 63/8/93 59/8/93 62/8/93
f 57/8/94 58/8/94 60/8/94
f 57/8/95 60/8/95 61/8/95
f 60/8/96 59/8/96 64/8/96
g WallBoundingBoxes.011_Circle.041
v 1103.111694 -143.708206 291.677643
v 1103.692017 -143.312271 289.424103
v 1101.406860 -142.843491 288.923950
v 1100.828003 -143.239716 291.177826
v 1102.766479 -145.991333 291.187592
v 1103.346802 -145.595398 288.934052
v 1101.052612 -145.124802 288.431946
v 1100.473755 -145.521042 290.685822
vt 0.000000 0.000000
vn -0.152415 -0.965970 -0.208977
vn 0.958207 -0.190684 0.213257
vn 0.243536 0.168189 -0.955198
vn 0.152431 0.965970 0.208968
vn -0.243527 -0.168170 0.955203
vn -0.957770 0.194456 -0.211810
vn -0.152415 -0.965972 -0.208966
vn 0.958207 -0.190686 0.213255
vn 0.243567 0.168185 -0.955191
vn 0.152429 0.965970 0.208969
vn -0.243584 -0.168200 0.955183
vn -0.957798 0.194320 -0.211808
usemtl Tube_Material
s off
f 72/9/97 71/9/97 70/9/97
f 65/9/98 69/9/98 70/9/98
f 67/9/99 66/9/99 70/9/99
f 66/9/100 67/9/100 68/9/100
f 68/9/101 72/9/101 69/9/101
f 67/9/102 71/9/102 72/9/102
f 69/9/103 72/9/103 70/9/103
f 66/9/104 65/9/104 70/9/104
f 71/9/105 67/9/105 70/9/105
f 65/9/106 66/9/106 68/9/106
f 65/9/107 68/9/107 69/9/107
f 68/9/108 67/9/108 72/9/108
g WallBoundingBoxes.010_Circle.040
v 1011.928833 -104.543617 272.495392
v 1012.427246 -104.020813 270.248138
v 1010.364990 -102.872543 270.062805
v 1009.870667 -103.397644 272.310455
v 1010.881531 -106.540985 271.798462
v 1011.379944 -106.018173 269.551178
v 1009.316040 -104.868973 269.365692
v 1008.821716 -105.394073 271.613342
vt 0.000000 0.000000
vn -0.444364 -0.845775 -0.295306
vn 0.870941 -0.484765 0.080398
vn 0.209396 0.222457 -0.952190
vn 0.444375 0.845767 0.295313
vn -0.209416 -0.222438 0.952190
vn -0.870997 0.485016 -0.078258
vn -0.444381 -0.845759 -0.295325
vn 0.870940 -0.484767 0.080396
vn 0.209467 0.222452 -0.952176
vn 0.444388 0.845758 0.295317
vn -0.209419 -0.222440 0.952189
vn -0.871046 0.484927 -0.078263
usemtl Tube_Material
s off
f 80/10/109 79/10/109 78/10/109
f 73/10/110 77/10/110 78/10/110
f 75/10/111 74/10/111 78/10/111
f 74/10/112 75/10/112 76/10/112
f 76/10/113 80/10/113 77/10/113
f 75/10/114 79/10/114 80/10/114
f 77/10/115 80/10/115 78/10/115
f 74/10/116 73/10/116 78/10/116
f 79/10/117 75/10/117 78/10/117
f 73/10/118 74/10/118 76/10/118
f 73/10/119 76/10/119 77/10/119
f 76/10/120 75/10/120 80/10/120
g WallBoundingBoxes.009_Circle.039
v 946.398621 -68.341316 268.092499
v 946.823608 -67.777824 265.839996
v 944.753052 -66.658508 265.729706
v 944.329224 -67.222610 267.982300
v 945.354675 -70.340363 267.395447
v 945.779663 -69.776871 265.142914
v 943.710693 -68.658424 265.032745
v 943.286804 -69.222527 267.285309
vt 0.000000 0.000000
vn -0.442150 -0.846940 -0.295290
vn 0.878616 -0.475220 0.046901
vn 0.179921 0.238805 -0.954254
vn 0.442118 0.846959 0.295283
vn -0.179910 -0.238798 0.954258
vn -0.879058 0.474431 -0.046613
vn -0.442112 -0.846953 -0.295310
vn 0.878614 -0.475225 0.046898
vn 0.179904 0.238789 -0.954261
vn 0.442155 0.846935 0.295295
vn -0.179933 -0.238805 0.954252
vn -0.879055 0.474438 -0.046593
usemtl Tube_Material
s off
f 87/11/121 86/11/121 85/11/121
f 81/11/122 85/11/122 86/11/122
f 83/11/123 82/11/123 86/11/123
f 81/11/124 82/11/124 83/11/124
f 84/11/125 88/11/125 85/11/125
f 83/11/126 87/11/126 88/11/126
f 88/11/127 87/11/127 85/11/127
f 82/11/128 81/11/128 86/11/128
f 87/11/129 83/11/129 86/11/129
f 84/11/130 81/11/130 83/11/130
f 81/11/131 84/11/131 85/11/131
f 84/11/132 83/11/132 88/11/132
g WallBoundingBoxes.008_Circle.038
v 812.008301 -8.704602 257.595520
v 812.519043 -8.165004 255.354980
v 810.407288 -7.775497 254.964493
v 809.889038 -8.313824 257.203613
v 811.748169 -10.971327 256.990295
v 812.258972 -10.431728 254.749771
v 810.210815 -10.051901 254.371735
v 809.692566 -10.590227 256.610840
vt 0.000000 0.000000
vn -0.129461 -0.956886 -0.260018
vn 0.970070 -0.160090 0.182580
vn 0.217595 0.228401 -0.948939
vn 0.128489 0.957064 0.259843
vn -0.217519 -0.228344 0.948970
vn -0.972040 0.134119 -0.192745
vn -0.129423 -0.956904 -0.259970
vn 0.970063 -0.160100 0.182610
vn 0.217521 0.228330 -0.948973
vn 0.128442 0.957089 0.259776
vn -0.217603 -0.228395 0.948939
vn -0.972039 0.134121 -0.192748
usemtl Tube_Material
s off
f 96/12/133 95/12/133 94/12/133
f 90/12/134 89/12/134 93/12/134
f 91/12/135 90/12/135 94/12/135
f 90/12/136 91/12/136 92/12/136
f 92/12/137 96/12/137 93/12/137
f 91/12/138 95/12/138 96/12/138
f 93/12/139 96/12/139 94/12/139
f 94/12/140 90/12/140 93/12/140
f 95/12/141 91/12/141 94/12/141
f 89/12/142 90/12/142 92/12/142
f 89/12/143 92/12/143 93/12/143
f 92/12/144 91/12/144 96/12/144
g WallBoundingBoxes.007_Circle.037
v 667.468445 -5.421263 221.681061
v 668.089172 -4.884512 219.467789
v 665.819946 -4.884025 218.831253
v 665.197144 -5.420776 221.043945
v 667.612793 -7.719934 221.164078
v 668.233521 -7.183182 218.950821
v 665.965271 -7.182695 218.314545
v 665.342468 -7.719448 220.527252
vt 0.000000 0.000000
vn 0.061227 -0.973802 -0.218999
vn 0.962865 -0.000263 0.269982
vn 0.263054 0.227387 -0.937602
vn -0.061214 0.973808 0.218976
vn -0.263040 -0.227398 0.937604
vn -0.962598 0.000044 -0.270934
vn 0.061216 -0.973804 -0.218992
vn 0.962866 -0.000219 0.269979
vn 0.263057 0.227388 -0.937601
vn -0.061224 0.973803 0.218997
vn -0.263064 -0.227400 0.937596
vn -0.962600 0.000000 -0.270928
usemtl Tube_Material
s off
f 104/13/145 103/13/145 102/13/145
f 98/13/146 97/13/146 101/13/146
f 99/13/147 98/13/147 102/13/147
f 98/13/148 99/13/148 100/13/148
f 100/13/149 104/13/149 101/13/149
f 100/13/150 99/13/150 103/13/150
f 101/13/151 104/13/151 102/13/151
f 102/13/152 98/13/152 101/13/152
f 103/13/153 99/13/153 102/13/153
f 97/13/154 98/13/154 100/13/154
f 97/13/155 100/13/155 101/13/155
f 104/13/156 100/13/156 103/13/156
g WallBoundingBoxes.006_Circle.036
v 571.889893 -5.728433 192.236725
v 572.636719 -5.191225 190.062851
v 570.411560 -5.204237 189.292633
v 569.660095 -5.741472 191.464890
v 572.076965 -8.026960 191.732971
v 572.823792 -7.489751 189.559113
v 570.599854 -7.502756 188.789322
v 569.848450 -8.039993 190.961578
vt 0.000000 0.000000
vn 0.079534 -0.973742 -0.213311
vn 0.945315 0.005477 0.326114
vn 0.317322 0.227572 -0.920607
vn -0.079528 0.973744 0.213303
vn -0.317343 -0.227564 0.920602
vn -0.944618 -0.005521 -0.328126
vn 0.079529 -0.973741 -0.213318
vn 0.945316 0.005433 0.326110
vn 0.317327 0.227547 -0.920612
vn -0.079530 0.973742 0.213310
vn -0.317327 -0.227596 0.920600
vn -0.944611 -0.005543 -0.328146
usemtl Tube_Material
s off
f 111/14/157 110/14/157 109/14/157
f 105/14/158 109/14/158 110/14/158
f 106/14/159 110/14/159 111/14/159
f 106/14/160 107/14/160 108/14/160
f 105/14/161 108/14/161 112/14/161
f 107/14/162 111/14/162 112/14/162
f 112/14/163 111/14/163 109/14/163
f 106/14/164 105/14/164 110/14/164
f 107/14/165 106/14/165 111/14/165
f 105/14/166 106/14/166 108/14/166
f 109/14/167 105/14/167 112/14/167
f 108/14/168 107/14/168 112/14/168
g WallBoundingBoxes.005_Circle.035
v 502.347015 -6.193402 164.226425
v 503.376099 -5.654270 162.171600
v 501.294373 -5.668495 161.108368
v 500.245911 -6.207760 163.153351
v 502.601715 -8.491469 163.751038
v 503.630798 -7.952337 161.696213
v 501.553406 -7.966534 160.635178
v 500.504944 -8.505797 162.680161
vt 0.000000 0.000000
vn 0.109186 -0.973539 -0.200748
vn 0.893476 0.006096 0.449070
vn 0.441594 0.228408 -0.867655
vn -0.109178 0.973542 0.200738
vn -0.441570 -0.228429 0.867662
vn -0.889197 -0.006003 -0.457484
vn 0.109176 -0.973542 -0.200738
vn 0.893476 0.006156 0.449069
vn 0.441591 0.228439 -0.867648
vn -0.109182 0.973539 0.200754
vn -0.441586 -0.228447 0.867648
vn -0.889200 -0.006025 -0.457480
usemtl Tube_Material
s off
f 119/15/169 118/15/169 117/15/169
f 114/15/170 113/15/170 117/15/170
f 114/15/171 118/15/171 119/15/171
f 113/15/172 114/15/172 115/15/172
f 113/15/173 116/15/173 120/15/173
f 115/15/174 119/15/174 120/15/174
f 120/15/175 119/15/175 117/15/175
f 118/15/176 114/15/176 117/15/176
f 115/15/177 114/15/177 119/15/177
f 116/15/178 113/15/178 115/15/178
f 117/15/179 113/15/179 120/15/179
f 116/15/180 115/15/180 120/15/180
g WallBoundingBoxes.004_Circle.034
v 425.277466 -6.352127 101.159889
v 426.781372 -5.810330 99.423027
v 424.990112 -5.810328 97.879227
v 423.489197 -6.352126 99.618660
v 425.632141 -8.649614 100.750298
v 427.136047 -8.107815 99.013435
v 425.344086 -8.107815 97.469025
v 423.843140 -8.649612 99.208458
vt 0.000000 0.000000
vn 0.149848 -0.973302 -0.173867
vn 0.755984 0.000022 0.654590
vn 0.635413 0.229540 -0.737267
vn -0.149846 0.973302 0.173867
vn -0.635413 -0.229519 0.737273
vn -0.757106 0.000022 -0.653292
vn 0.149844 -0.973302 -0.173865
vn 0.755983 0.000000 0.654592
vn 0.635421 0.229510 -0.737269
vn -0.149845 0.973302 0.173864
vn -0.635418 -0.229524 0.737267
vn -0.757102 -0.000044 -0.653297
usemtl Tube_Material
s off
f 128/16/181 127/16/181 126/16/181
f 121/16/182 125/16/182 126/16/182
f 123/16/183 122/16/183 126/16/183
f 122/16/184 123/16/184 124/16/184
f 124/16/185 128/16/185 125/16/185
f 124/16/186 123/16/186 127/16/186
f 125/16/187 128/16/187 126/16/187
f 122/16/188 121/16/188 126/16/188
f 127/16/189 123/16/189 126/16/189
f 121/16/190 122/16/190 124/16/190
f 121/16/191 124/16/191 125/16/191
f 128/16/192 124/16/192 127/16/192
g WallBoundingBoxes.003_Circle.033
v 301.535858 10.830893 21.633219
v 302.224518 11.372692 19.441368
v 299.951843 11.372692 18.747128
v 299.277344 10.830894 20.943371
v 301.698273 8.533407 21.116331
v 302.386902 9.075205 18.924482
v 300.110901 9.075206 18.229204
v 299.436401 8.533407 20.425447
vt 0.000000 0.000000
vn 0.067057 -0.973303 -0.219510
vn 0.954019 0.000016 0.299746
vn 0.284349 0.229517 -0.930842
vn -0.067056 0.973302 0.219513
vn -0.284325 -0.229522 0.930849
vn -0.955934 0.000000 -0.293581
vn 0.067052 -0.973301 -0.219520
vn 0.954024 0.000000 0.299731
vn 0.284353 0.229527 -0.930839
vn -0.067052 0.973300 0.219525
vn -0.284322 -0.229517 0.930851
vn -0.955934 0.000011 -0.293582
usemtl Tube_Material
s off
f 136/17/193 135/17/193 134/17/193
f 130/17/194 129/17/194 133/17/194
f 131/17/195 130/17/195 134/17/195
f 130/17/196 131/17/196 132/17/196
f 132/17/197 136/17/197 133/17/197
f 131/17/198 135/17/198 136/17/198
f 133/17/199 136/17/199 134/17/199
f 134/17/200 130/17/200 133/17/200
f 135/17/201 131/17/201 134/17/201
f 129/17/202 130/17/202 132/17/202
f 129/17/203 132/17/203 133/17/203
f 132/17/204 131/17/204 136/17/204
g WallBoundingBoxes.001_Circle.031
v 128.640167 -8.358294 -0.388975
v 128.629013 -7.816783 -2.686500
v 126.274307 -7.915415 -2.698427
v 126.285614 -8.456920 -0.400900
v 128.739960 -10.653684 -0.930466
v 128.728821 -10.112172 -3.227992
v 126.375534 -10.210744 -3.239911
v 126.386841 -10.752248 -0.942384
vt 0.000000 0.000000
vn 0.041894 -0.972431 -0.229398
vn 0.999095 0.042236 0.005103
vn -0.004679 0.229407 -0.973319
vn -0.041894 0.972430 0.229400
vn 0.004680 -0.229408 0.973319
vn -0.999069 -0.042830 -0.005180
vn 0.041893 -0.972431 -0.229397
vn 0.999094 0.042244 0.005111
vn -0.004679 0.229405 -0.973320
vn -0.041894 0.972431 0.229397
vn -0.999068 -0.042841 -0.005180
usemtl Tube_Material
s off
f 143/18/205 142/18/205 141/18/205
f 138/18/206 137/18/206 141/18/206
f 139/18/207 138/18/207 142/18/207
f 137/18/208 138/18/208 139/18/208
f 140/18/209 144/18/209 141/18/209
f 139/18/210 143/18/210 144/18/210
f 144/18/211 143/18/211 141/18/211
f 142/18/212 138/18/212 141/18/212
f 143/18/213 139/18/213 142/18/213
f 140/18/214 137/18/214 139/18/214
f 137/18/209 140/18/209 141/18/209
f 140/18/215 139/18/215 144/18/215
g WallBoundingBoxes_Circle.011
v 533.296387 -153.815277 1007.908569
v 533.424500 -153.462311 1010.239014
v 535.781799 -153.424515 1010.107666
v 535.652222 -153.777496 1007.777344
v 533.353516 -156.148941 1008.258911
v 533.481628 -155.795975 1010.589355
v 535.839050 -155.758179 1010.458008
v 535.709473 -156.111160 1008.127625
vt 0.000000 0.000000
vn 0.024132 -0.988633 0.148402
vn -0.998233 -0.015816 0.057272
vn 0.052586 0.149517 0.987360
vn -0.024121 0.988632 -0.148411
vn -0.052595 -0.149495 -0.987363
vn 0.998199 0.015735 -0.057896
vn 0.024116 -0.988630 0.148424
vn -0.998232 -0.015862 0.057278
vn 0.052562 0.149518 0.987361
vn -0.024116 0.988633 -0.148402
vn -0.052592 -0.149515 -0.987360
vn 0.998196 0.015862 -0.057898
usemtl Tube_Material
s off
f 151/19/216 150/19/216 149/19/216
f 145/19/217 149/19/217 150/19/217
f 146/19/218 150/19/218 151/19/218
f 145/19/219 146/19/219 147/19/219
f 145/19/220 148/19/220 152/19/220
f 148/19/221 147/19/221 151/19/221
f 152/19/222 151/19/222 149/19/222
f 146/19/223 145/19/223 150/19/223
f 147/19/224 146/19/224 151/19/224
f 148/19/225 145/19/225 147/19/225
f 149/19/226 145/19/226 152/19/226
f 152/19/227 148/19/227 151/19/227
