# Blender v2.70 (sub 0) OBJ File: 'DEDUST.blend'
# www.blender.org
mtllib BoostBoundingBox.mtl
g Cube.026_Cube.031
v -112.955017 3.225962 -68.254272
v -109.724884 3.316827 -69.722176
v -107.555443 3.149956 -64.958641
v -110.785576 3.059091 -63.490742
v -112.968399 4.548918 -68.201836
v -109.738266 4.639783 -69.669739
v -107.568832 4.472912 -64.906212
v -110.798958 4.382048 -63.438305
vt 1.000000 1.000000
vt 0.938864 1.000000
vt 0.938864 0.500000
vt 0.877727 0.000000
vt 0.877728 0.737766
vt 0.816591 0.737766
vt 1.000000 0.000000
vt 1.000000 0.500000
vt 0.877728 0.000000
vt 0.938864 0.000000
vt 0.408296 0.000000
vt 0.816591 0.000000
vt 0.408296 0.737766
vt 0.000000 0.737766
vt 0.000000 0.000000
vt 0.938864 0.737766
vn -0.414255 0.031860 -0.909603
vn 0.910104 0.025608 -0.413587
vn 0.414259 -0.031857 0.909601
vn -0.910103 -0.025619 0.413589
vn 0.010109 -0.999164 -0.039605
vn -0.010108 0.999164 0.039605
vn -0.414253 0.031866 -0.909604
vn 0.910104 0.025588 -0.413590
vn 0.414253 -0.031853 0.909604
vn -0.910104 -0.025597 0.413589
vn 0.010109 -0.999164 -0.039606
vn -0.010109 0.999164 0.039606
usemtl None
s off
f 6/1/1 2/2/1 1/3/1
f 6/4/2 7/5/2 3/6/2
f 7/7/3 8/8/3 4/3/3
f 8/5/4 5/9/4 1/10/4
f 1/11/5 2/12/5 3/6/5
f 8/13/6 7/14/6 6/15/6
f 5/8/7 6/1/7 1/3/7
f 2/12/8 6/4/8 3/6/8
f 3/10/9 7/7/9 4/3/9
f 4/16/10 8/5/10 1/10/10
f 4/13/11 1/11/11 3/6/11
f 5/11/12 8/13/12 6/15/12
g Cube.025_Cube.029
v -51.698357 -1.318229 -269.718750
v -52.068985 2.196696 -270.042297
v -55.860619 2.129346 -266.430573
v -55.489986 -1.385579 -266.107025
v -52.684990 -1.517951 -270.758270
v -53.055618 1.996975 -271.081818
v -56.847252 1.929625 -267.470093
v -56.476624 -1.585301 -267.146545
vt 1.000000 1.000000
vt 0.938864 1.000000
vt 0.938864 0.500000
vt 0.877727 0.000000
vt 0.877728 0.737766
vt 0.816591 0.737766
vt 1.000000 0.000000
vt 1.000000 0.500000
vt 0.877728 0.000000
vt 0.938864 0.000000
vt 0.938864 0.737766
vt 0.816591 0.000000
vt 0.408296 0.737766
vt 0.000000 0.737766
vt 0.000000 0.000000
vt 0.408296 0.000000
vn 0.724015 0.012860 -0.689664
vn -0.104427 0.990346 -0.091160
vn -0.724015 -0.012859 0.689664
vn 0.104426 -0.990346 0.091161
vn 0.681830 0.138022 0.718371
vn -0.681830 -0.138022 -0.718371
vn 0.724038 0.012861 -0.689640
vn -0.104426 0.990346 -0.091161
vn -0.724026 -0.012865 0.689652
vn 0.104426 -0.990346 0.091160
vn 0.681834 0.138022 0.718368
vn -0.681831 -0.138020 -0.718371
usemtl None
s off
f 14/17/13 10/18/13 9/19/13
f 14/20/14 15/21/14 11/22/14
f 15/23/15 16/24/15 12/19/15
f 13/25/16 9/26/16 12/27/16
f 10/28/17 11/22/17 12/29/17
f 15/30/18 14/31/18 13/32/18
f 13/24/19 14/17/19 9/19/19
f 10/28/20 14/20/20 11/22/20
f 11/26/21 15/23/21 12/19/21
f 16/21/22 13/25/22 12/27/22
f 9/32/23 10/28/23 12/29/23
f 16/29/24 15/30/24 13/32/24
g Cube.024_Cube.028
v -46.065201 -5.045688 -264.311371
v -48.437843 -5.236540 -266.944031
v -52.329285 -5.199381 -263.439636
v -49.956642 -5.008530 -260.806976
v -46.026379 -6.307578 -264.254883
v -48.399021 -6.498429 -266.887543
v -52.290462 -6.461271 -263.383118
v -49.917820 -6.270420 -260.750458
vt 1.000000 0.500000
vt 1.000000 1.000000
vt 0.938864 1.000000
vt 0.877728 0.737766
vt 0.816591 0.737766
vt 0.816591 0.000000
vt 0.938864 0.500000
vt 0.938864 0.000000
vt 0.877728 0.000000
vt 0.938864 0.737766
vt 0.408296 0.000000
vt 0.408296 0.737766
vt 0.000000 0.737766
vt 0.000000 0.000000
vt 0.877727 0.000000
vt 1.000000 0.000000
vn 0.743073 -0.007097 -0.669173
vn -0.668496 -0.053794 -0.741767
vn -0.743072 0.007103 0.669174
vn 0.668504 0.053771 0.741762
vn -0.030720 0.998528 -0.044701
vn 0.030720 -0.998528 0.044701
vn 0.743067 -0.007093 -0.669179
vn -0.668507 -0.053771 -0.741760
vn -0.743085 0.007117 0.669159
vn 0.668506 0.053789 0.741759
vn 0.030721 -0.998528 0.044701
usemtl None
s off
f 21/33/25 22/34/25 18/35/25
f 23/36/26 19/37/26 18/38/26
f 24/33/27 20/39/27 19/40/27
f 21/41/28 17/40/28 20/42/28
f 17/43/29 18/38/29 19/37/29
f 24/44/30 23/45/30 22/46/30
f 17/39/31 21/33/31 18/35/31
f 22/47/32 23/36/32 18/38/32
f 23/48/33 24/33/33 19/40/33
f 24/36/34 21/41/34 20/42/34
f 20/44/29 17/43/29 19/37/29
f 21/43/35 24/44/35 22/46/35
g Cube.023_Cube.025
v 38.003754 -4.855511 -313.527405
v 36.608044 -5.046363 -316.785065
v 31.793638 -5.009204 -314.724548
v 33.189350 -4.818353 -311.466888
v 38.020279 -5.982465 -313.468475
v 36.624569 -6.173316 -316.726135
v 31.810165 -6.136158 -314.665619
v 33.205875 -5.945307 -311.407959
vt 1.000000 1.000000
vt 0.938864 1.000000
vt 0.938864 0.500000
vt 0.877727 0.000000
vt 0.877728 0.737766
vt 0.816591 0.737766
vt 1.000000 0.500000
vt 0.938864 0.000000
vt 0.877728 0.000000
vt 0.938864 0.737766
vt 0.816591 0.000000
vt 0.408296 0.737766
vt 0.000000 0.737766
vt 0.000000 0.000000
vt 1.000000 0.000000
vt 0.408296 0.000000
vn 0.919317 -0.007097 -0.393454
vn -0.393256 -0.053765 -0.917856
vn -0.919316 0.007093 0.393456
vn 0.393242 0.053763 0.917862
vn -0.014645 0.998528 -0.052225
vn 0.014645 -0.998528 0.052225
vn 0.919319 -0.007093 -0.393449
vn -0.393255 -0.053760 -0.917856
vn -0.919312 0.007093 0.393465
vn 0.393246 0.053763 0.917860
vn -0.014646 0.998528 -0.052225
vn 0.014644 -0.998528 0.052225
usemtl None
s off
f 30/49/36 26/50/36 25/51/36
f 30/52/37 31/53/37 27/54/37
f 32/55/38 28/51/38 27/56/38
f 29/57/39 25/56/39 28/58/39
f 26/59/40 27/54/40 28/60/40
f 32/60/41 31/61/41 30/62/41
f 29/55/42 30/49/42 25/51/42
f 26/59/43 30/52/43 27/54/43
f 31/63/44 32/55/44 27/56/44
f 32/53/45 29/57/45 28/58/45
f 25/64/46 26/59/46 28/60/46
f 29/64/47 32/60/47 30/62/47
g Cube.022_Cube.024
v 301.851715 3.001613 -215.621964
v 301.934845 -0.546527 -215.645279
v 300.163116 -0.555642 -220.573410
v 300.079987 2.992499 -220.550095
v 300.399414 2.964160 -215.099762
v 300.482544 -0.583980 -215.123093
v 298.710815 -0.593095 -220.051208
v 298.627686 2.955046 -220.027893
vt 1.000000 1.000000
vt 0.938864 1.000000
vt 0.938864 0.500000
vt 0.877727 0.000000
vt 0.877728 0.737766
vt 0.816591 0.737766
vt 1.000000 0.500000
vt 0.938864 0.000000
vt 0.877728 0.000000
vt 0.816591 0.000000
vt 0.408296 0.737766
vt 0.000000 0.737766
vt 0.000000 0.000000
vt 1.000000 0.000000
vt 0.938864 0.737766
vt 0.408296 0.000000
vn 0.338307 0.001738 0.941034
vn 0.023419 -0.999704 -0.006571
vn -0.338307 -0.001739 -0.941034
vn -0.023418 0.999704 0.006570
vn 0.940742 0.024271 -0.338252
vn -0.940742 -0.024261 0.338255
vn 0.338326 0.001738 0.941027
vn 0.023418 -0.999704 -0.006570
vn -0.338326 -0.001749 -0.941027
vn 0.940742 0.024261 -0.338254
vn -0.940742 -0.024273 0.338252
usemtl None
s off
f 38/65/48 34/66/48 33/67/48
f 38/68/49 39/69/49 35/70/49
f 40/71/50 36/67/50 35/72/50
f 40/69/51 37/73/51 33/72/51
f 34/74/52 35/70/52 36/75/52
f 40/75/53 39/76/53 38/77/53
f 37/71/54 38/65/54 33/67/54
f 34/74/55 38/68/55 35/70/55
f 39/78/56 40/71/56 35/72/56
f 36/79/51 40/69/51 33/72/51
f 33/80/57 34/74/57 36/75/57
f 37/80/58 40/75/58 38/77/58
g Cube.021
v 288.556702 2.654950 -209.627670
v 288.793793 -0.882842 -209.784378
v 287.007355 -0.784569 -214.706207
v 286.770233 2.753222 -214.549500
v 287.261383 2.547406 -209.159668
v 287.498505 -0.990386 -209.316376
v 285.712036 -0.892114 -214.238205
v 285.474945 2.645678 -214.081497
vt 1.000000 0.500000
vt 1.000000 1.000000
vt 0.938864 1.000000
vt 0.877728 0.737766
vt 0.816591 0.737766
vt 0.816591 0.000000
vt 1.000000 0.000000
vt 0.938864 0.500000
vt 0.877728 0.000000
vt 0.938864 0.000000
vt 0.938864 0.737766
vt 0.408296 0.000000
vt 0.000000 0.737766
vt 0.000000 0.000000
vt 0.877727 0.000000
vt 0.408296 0.737766
vn 0.341123 -0.018760 0.939832
vn 0.066808 -0.996788 -0.044152
vn -0.341124 0.018766 -0.939831
vn -0.066806 0.996789 0.044151
vn 0.937641 0.077839 -0.338777
vn -0.937638 -0.077878 0.338778
vn 0.341133 -0.018778 0.939828
vn 0.066809 -0.996788 -0.044152
vn -0.341111 0.018769 -0.939836
vn -0.066808 0.996789 0.044152
vn 0.937639 0.077865 -0.338778
vn -0.937643 -0.077826 0.338776
usemtl None
s off
f 45/81/59 46/82/59 42/83/59
f 47/84/60 43/85/60 42/86/60
f 47/87/61 48/81/61 44/88/61
f 45/89/62 41/90/62 44/91/62
f 41/92/63 42/86/63 43/85/63
f 47/93/64 46/94/64 45/92/64
f 41/88/65 45/81/65 42/83/65
f 46/95/66 47/84/66 42/86/66
f 43/90/67 47/87/67 44/88/67
f 48/84/68 45/89/68 44/91/68
f 44/96/69 41/92/69 43/85/69
f 48/96/70 47/93/70 45/92/70
g Cube.020
v 154.921860 4.203620 43.581131
v 154.751740 0.670908 43.877377
v 159.979858 0.406553 43.727322
v 160.149979 3.939265 43.431076
v 154.887619 4.117894 42.539192
v 154.717499 0.585183 42.835438
v 159.945602 0.320828 42.685383
v 160.115738 3.853539 42.389137
vt 1.000000 0.500000
vt 1.000000 1.000000
vt 0.938864 1.000000
vt 0.877727 0.000000
vt 0.877728 0.737766
vt 0.816591 0.737766
vt 1.000000 0.000000
vt 0.938864 0.500000
vt 0.877728 0.000000
vt 0.938864 0.000000
vt 0.938864 0.737766
vt 0.816591 0.000000
vt 0.408296 0.737766
vt 0.000000 0.737766
vt 0.000000 0.000000
vt 0.408296 0.000000
vn -0.998314 0.050472 0.028654
vn -0.047933 -0.995357 0.083468
vn 0.998314 -0.050480 -0.028654
vn 0.047934 0.995357 -0.083469
vn 0.032731 0.081954 0.996099
vn -0.032734 -0.081954 -0.996098
vn -0.998314 0.050480 0.028654
vn -0.047934 -0.995357 0.083468
vn 0.998314 -0.050467 -0.028668
vn 0.032734 0.081955 0.996098
vn -0.032734 -0.081955 -0.996098
usemtl None
s off
f 53/97/71 54/98/71 50/99/71
f 54/100/72 55/101/72 51/102/72
f 55/103/73 56/97/73 52/104/73
f 53/105/74 49/106/74 52/107/74
f 50/108/75 51/102/75 52/109/75
f 56/109/76 55/110/76 54/111/76
f 49/104/77 53/97/77 50/99/77
f 50/108/78 54/100/78 51/102/78
f 51/106/79 55/103/79 52/104/79
f 56/101/74 53/105/74 52/107/74
f 49/112/80 50/108/80 52/109/80
f 53/112/81 56/109/81 54/111/81
