# Blender v2.70 (sub 0) OBJ File: 'DEDUST.blend'
# www.blender.org
mtllib WallBoundingBoxes.mtl
g Cube.019
v -39.550591 0.380317 -14.668843
v -39.532597 -0.357106 -14.662624
v -47.102100 -0.559929 -16.809338
v -47.120094 0.177495 -16.815557
v -40.002697 0.382726 -13.074904
v -39.984703 -0.354697 -13.068686
v -47.554207 -0.557520 -15.215400
v -47.572201 0.179904 -15.221619
vt 0.866525 0.210506
vt 0.866525 0.000000
vt 1.000000 0.000000
vt 0.299787 0.000000
vt 0.599575 0.000000
vt 0.599575 1.000000
vt 1.000000 0.421012
vt 0.866525 0.421013
vt 0.000000 0.000000
vt 0.299787 1.000000
vt 0.733050 0.000000
vt 0.733050 1.000000
vt 1.000000 0.210506
vt 0.000000 1.000000
vt 0.866525 1.000000
vn 0.961740 0.025758 0.272750
vn 0.024395 -0.999667 0.008430
vn -0.961740 -0.025756 -0.272750
vn -0.024395 0.999667 -0.008430
vn 0.272876 -0.001456 -0.962048
vn -0.272877 0.001456 0.962048
vn 0.961740 0.025769 0.272750
vn -0.961740 -0.025769 -0.272750
vn -0.272876 0.001453 0.962048
usemtl None
s off
f 6/1/1 2/2/1 1/3/1
f 7/4/2 3/5/2 2/6/2
f 7/7/3 8/8/3 4/1/3
f 5/9/4 1/4/4 4/10/4
f 1/5/5 2/11/5 3/12/5
f 7/12/6 6/11/6 5/2/6
f 5/13/7 6/1/7 1/3/7
f 6/10/2 7/4/2 2/6/2
f 3/13/8 7/7/8 4/1/8
f 8/14/4 5/9/4 4/10/4
f 4/6/5 1/5/5 3/12/5
f 8/15/9 7/12/9 5/2/9
g Cube.018
v -112.873093 -4.249876 -119.363113
v -112.915695 -4.981127 -119.450363
v -112.962814 -4.045928 -127.265099
v -112.920204 -3.314677 -127.177849
v -114.527115 -4.156039 -119.341911
v -114.569725 -4.887290 -119.429161
v -114.616837 -3.952090 -127.243896
v -114.574234 -3.220839 -127.156647
vt 0.866525 0.210506
vt 0.866525 0.000000
vt 1.000000 0.000000
vt 0.299787 1.000000
vt 0.299787 0.000000
vt 0.599575 0.000000
vt 0.866525 0.421013
vt 1.000000 0.210506
vt 0.000000 0.000000
vt 0.733050 0.000000
vt 0.733050 1.000000
vt 0.866525 1.000000
vt 0.599575 1.000000
vt 1.000000 0.421012
vt 0.000000 1.000000
vn 0.005993 -0.118816 0.992898
vn -0.057755 -0.991299 -0.118282
vn -0.005993 0.118818 -0.992898
vn 0.057755 0.991299 0.118282
vn 0.998313 -0.056642 -0.012797
vn -0.998313 0.056642 0.012796
vn 0.005980 -0.118816 0.992898
vn -0.005980 0.118817 -0.992898
vn -0.998314 0.056621 0.012798
usemtl None
s off
f 14/16/10 10/17/10 9/18/10
f 14/19/11 15/20/11 11/21/11
f 16/22/12 12/16/12 11/23/12
f 13/24/13 9/20/13 12/19/13
f 9/21/14 10/25/14 11/26/14
f 16/27/15 15/26/15 14/25/15
f 13/23/16 14/16/16 9/18/16
f 10/28/11 14/19/11 11/21/11
f 15/29/17 16/22/17 11/23/17
f 16/30/13 13/24/13 12/19/13
f 12/28/14 9/21/14 11/26/14
f 13/17/18 16/27/18 14/25/18
g Cube.017
v -69.676460 -2.001855 -229.100754
v -69.856194 -2.697537 -229.267731
v -65.220245 -2.370669 -235.619751
v -65.040512 -1.674988 -235.452774
v -70.953064 -1.455171 -230.004333
v -71.132797 -2.150852 -230.171310
v -66.496849 -1.823985 -236.523331
v -66.317116 -1.128303 -236.356354
vt 1.000000 0.210506
vt 0.866525 0.210506
vt 0.866525 0.000000
vt 0.299787 1.000000
vt 0.299787 0.000000
vt 0.599575 0.000000
vt 1.000000 0.421012
vt 0.866525 0.421013
vt 0.000000 0.000000
vt 0.733050 0.000000
vt 0.733050 1.000000
vt 1.000000 0.000000
vt 0.599575 1.000000
vt 0.000000 1.000000
vt 0.866525 1.000000
vn -0.589029 -0.041543 0.807044
vn -0.243646 -0.943080 -0.226353
vn 0.589029 0.041537 -0.807044
vn 0.243645 0.943081 0.226352
vn 0.770512 -0.329976 0.545369
vn -0.770517 0.329953 -0.545376
vn -0.588997 -0.041519 0.807068
vn -0.243648 -0.943080 -0.226353
vn 0.589017 0.041525 -0.807053
vn 0.243647 0.943080 0.226353
vn 0.770518 -0.329949 0.545376
vn -0.770512 0.329976 -0.545368
usemtl None
s off
f 21/31/19 22/32/19 18/33/19
f 22/34/20 23/35/20 19/36/20
f 23/37/21 24/38/21 20/32/21
f 21/39/22 17/35/22 20/34/22
f 17/36/23 18/40/23 19/41/23
f 23/41/24 22/40/24 21/33/24
f 17/42/25 21/31/25 18/33/25
f 18/43/26 22/34/26 19/36/26
f 19/31/27 23/37/27 20/32/27
f 24/44/28 21/39/28 20/34/28
f 20/43/29 17/36/29 19/41/29
f 24/45/30 23/41/30 21/33/30
g Cube.016
v -76.635384 9.093494 -229.717361
v -76.017639 9.096751 -229.314209
v -71.716072 9.078523 -235.905350
v -72.333817 9.075265 -236.308502
v -76.631355 7.436697 -229.710159
v -76.013611 7.439954 -229.307007
v -71.712044 7.421725 -235.898148
v -72.329788 7.418467 -236.301300
vt 1.000000 0.210506
vt 0.866525 0.210506
vt 0.866525 0.000000
vt 0.299787 0.000000
vt 0.599575 0.000000
vt 0.599575 1.000000
vt 0.866525 0.421013
vt 0.000000 1.000000
vt 0.000000 0.000000
vt 0.733050 0.000000
vt 0.733050 1.000000
vt 0.866525 1.000000
vt 1.000000 0.000000
vt 0.299787 1.000000
vt 1.000000 0.421012
vn -0.546539 0.002313 0.837430
vn 0.837434 0.004409 0.546520
vn 0.546519 -0.002313 -0.837444
vn -0.837434 -0.004411 -0.546520
vn -0.002432 0.999988 -0.004354
vn 0.002432 -0.999988 0.004353
vn -0.546538 0.002313 0.837431
vn 0.837433 0.004414 0.546522
vn 0.546539 -0.002313 -0.837431
vn -0.837433 -0.004414 -0.546522
vn -0.002431 0.999988 -0.004352
usemtl None
s off
f 29/46/31 30/47/31 26/48/31
f 31/49/32 27/50/32 26/51/32
f 32/52/33 28/47/33 27/46/33
f 32/53/34 29/54/34 25/49/34
f 26/55/35 27/56/35 28/51/35
f 32/57/36 31/56/36 30/55/36
f 25/58/37 29/46/37 26/48/37
f 30/59/38 31/49/38 26/51/38
f 31/60/39 32/52/39 27/46/39
f 28/59/40 32/53/40 25/49/40
f 25/50/41 26/55/41 28/51/41
f 29/48/36 32/57/36 30/55/36
g Cube.015
v -73.047836 -7.180736 -237.801529
v -73.665581 -7.183994 -238.204681
v -77.967148 -7.165764 -231.613541
v -77.349403 -7.162507 -231.210388
v -73.051865 -5.523939 -237.808731
v -73.669609 -5.527196 -238.211884
v -77.971176 -5.508967 -231.620743
v -77.353432 -5.505709 -231.217590
vt 1.000000 0.210506
vt 0.866525 0.210506
vt 0.866525 0.000000
vt 0.299787 0.000000
vt 0.599575 0.000000
vt 0.599575 1.000000
vt 0.866525 0.421013
vt 0.000000 1.000000
vt 0.000000 0.000000
vt 0.733050 0.000000
vt 0.733050 1.000000
vt 1.000000 0.000000
vt 0.299787 1.000000
vt 1.000000 0.421012
vt 0.866525 1.000000
vn -0.546504 0.002312 0.837454
vn 0.837435 0.004414 0.546519
vn 0.546517 -0.002310 -0.837445
vn -0.837435 -0.004410 -0.546520
vn -0.002432 0.999988 -0.004353
vn 0.002432 -0.999988 0.004353
vn -0.546539 0.002313 0.837431
vn 0.837432 0.004409 0.546524
vn 0.546539 -0.002313 -0.837431
vn -0.837433 -0.004414 -0.546522
vn -0.002433 0.999988 -0.004354
usemtl None
s off
f 37/61/42 38/62/42 34/63/42
f 39/64/43 35/65/43 34/66/43
f 40/67/44 36/62/44 35/61/44
f 40/68/45 37/69/45 33/64/45
f 34/70/46 35/71/46 36/66/46
f 39/71/47 38/70/47 37/63/47
f 33/72/48 37/61/48 34/63/48
f 38/73/49 39/64/49 34/66/49
f 39/74/50 40/67/50 35/61/50
f 36/73/51 40/68/51 33/64/51
f 33/65/52 34/70/52 36/66/52
f 40/75/47 39/71/47 37/63/47
g Cube.014
v -30.036901 -6.714821 -279.340454
v -30.482950 -6.708747 -279.927948
v -36.751694 -6.736300 -275.168854
v -36.305645 -6.742373 -274.581360
v -30.033274 -5.058069 -279.326080
v -30.479321 -5.051995 -279.913574
v -36.748062 -5.079548 -275.154480
v -36.302017 -5.085622 -274.566986
vt 1.000000 0.210506
vt 0.866525 0.210506
vt 0.866525 0.000000
vt 0.299787 0.000000
vt 0.599575 0.000000
vt 0.599575 1.000000
vt 0.866525 0.421013
vt 0.000000 1.000000
vt 0.000000 0.000000
vt 0.733050 0.000000
vt 0.733050 1.000000
vt 1.000000 0.000000
vt 0.299787 1.000000
vt 1.000000 0.421012
vt 0.866525 1.000000
vn -0.796477 -0.003501 0.604659
vn 0.604667 -0.008233 0.796436
vn 0.796484 0.003499 -0.604650
vn -0.604664 0.008235 -0.796438
vn 0.002191 0.999960 0.008674
vn -0.002190 -0.999960 -0.008674
vn -0.796494 -0.003505 0.604637
vn 0.604676 -0.008233 0.796429
vn 0.796478 0.003502 -0.604658
vn -0.604675 0.008231 -0.796430
vn 0.002190 0.999960 0.008676
vn -0.002191 -0.999960 -0.008674
usemtl None
s off
f 45/76/53 46/77/53 42/78/53
f 47/79/54 43/80/54 42/81/54
f 48/82/55 44/77/55 43/76/55
f 48/83/56 45/84/56 41/79/56
f 41/80/57 42/85/57 43/86/57
f 47/86/58 46/85/58 45/78/58
f 41/87/59 45/76/59 42/78/59
f 46/88/60 47/79/60 42/81/60
f 47/89/61 48/82/61 43/76/61
f 44/88/62 48/83/62 41/79/62
f 44/81/63 41/80/63 43/86/63
f 48/90/64 47/86/64 45/78/64
g Cube.013
v 95.646011 -2.692268 -336.632751
v 95.646782 -1.988564 -336.854004
v 87.779984 -1.907074 -336.622253
v 87.779213 -2.610779 -336.401001
v 95.697693 -2.195614 -335.052979
v 95.698463 -1.491909 -335.274231
v 87.831665 -1.410420 -335.042480
v 87.830894 -2.114124 -334.821228
vt 0.866525 0.210506
vt 0.866525 0.000000
vt 1.000000 0.000000
vt 0.299787 1.000000
vt 0.299787 0.000000
vt 0.599575 0.000000
vt 1.000000 0.421012
vt 0.866525 0.421013
vt 0.000000 0.000000
vt 0.733050 0.000000
vt 0.733050 1.000000
vt 0.599575 1.000000
vt 0.866525 1.000000
vt 1.000000 0.210506
vt 0.000000 1.000000
vn -0.999513 0.010344 0.029444
vn -0.001046 -0.953957 0.299942
vn 0.999513 -0.010337 -0.029444
vn 0.001047 0.953957 -0.299942
vn 0.031196 0.299759 0.953505
vn -0.031192 -0.299758 -0.953505
vn -0.999513 0.010363 0.029445
vn -0.001046 -0.953957 0.299943
vn 0.999513 -0.010375 -0.029445
vn 0.001044 0.953957 -0.299943
vn 0.031196 0.299758 0.953505
vn -0.031196 -0.299758 -0.953505
usemtl None
s off
f 54/91/65 50/92/65 49/93/65
f 54/94/66 55/95/66 51/96/66
f 55/97/67 56/98/67 52/91/67
f 53/99/68 49/95/68 52/94/68
f 50/100/69 51/101/69 52/102/69
f 56/103/70 55/101/70 54/100/70
f 53/104/71 54/91/71 49/93/71
f 50/102/72 54/94/72 51/96/72
f 51/104/73 55/97/73 52/91/73
f 56/105/74 53/99/74 52/94/74
f 49/96/75 50/100/75 52/102/75
f 53/92/76 56/103/76 54/100/76
g Cube.012
v 108.340103 -3.674475 -322.906799
v 108.359970 -4.180251 -323.443420
v 116.221123 -4.270017 -323.067871
v 116.201263 -3.764240 -322.531250
v 108.408058 -2.468559 -324.040894
v 108.427917 -2.974336 -324.577515
v 116.289078 -3.064101 -324.201965
v 116.269211 -2.558325 -323.665344
vt 0.866525 0.210506
vt 0.866525 0.000000
vt 1.000000 0.000000
vt 0.299787 1.000000
vt 0.299787 0.000000
vt 0.599575 0.000000
vt 0.866525 0.421013
vt 1.000000 0.210506
vt 0.000000 1.000000
vt 0.000000 0.000000
vt 0.733050 0.000000
vt 0.733050 1.000000
vt 0.599575 1.000000
vt 1.000000 0.421012
vt 0.866525 1.000000
vn -0.998796 0.011399 -0.047722
vn 0.026923 -0.685637 -0.727446
vn 0.998796 -0.011417 0.047712
vn -0.026923 0.685637 0.727446
vn -0.041012 -0.727856 0.684503
vn 0.041009 0.727856 -0.684502
vn -0.998796 0.011411 -0.047717
vn 0.026918 -0.685638 -0.727444
vn 0.998796 -0.011399 0.047725
vn -0.026923 0.685638 0.727445
vn -0.041009 -0.727857 0.684502
vn 0.041014 0.727857 -0.684501
usemtl None
s off
f 62/106/77 58/107/77 57/108/77
f 62/109/78 63/110/78 59/111/78
f 64/112/79 60/106/79 59/113/79
f 64/114/80 61/115/80 57/110/80
f 57/111/81 58/116/81 59/117/81
f 63/117/82 62/116/82 61/107/82
f 61/113/83 62/106/83 57/108/83
f 58/118/84 62/109/84 59/111/84
f 63/119/85 64/112/85 59/113/85
f 60/109/86 64/114/86 57/110/86
f 60/118/87 57/111/87 59/117/87
f 64/120/88 63/117/88 61/107/88
g Cube.011
v 215.864563 1.173588 -295.977631
v 215.828735 0.438010 -296.020020
v 222.826172 -0.108018 -292.458466
v 222.862000 0.627560 -292.416077
v 216.618774 1.221834 -297.452057
v 216.582947 0.486256 -297.494446
v 223.580383 -0.059772 -293.932892
v 223.616211 0.675806 -293.890503
vt 1.000000 0.210506
vt 0.866525 0.210506
vt 0.866525 0.000000
vt 0.299787 1.000000
vt 0.299787 0.000000
vt 0.599575 0.000000
vt 0.866525 0.421013
vt 0.000000 0.000000
vt 0.733050 0.000000
vt 0.733050 1.000000
vt 0.599575 1.000000
vt 0.866525 1.000000
vt 1.000000 0.000000
vt 1.000000 0.421012
vt 0.000000 1.000000
vn -0.889062 0.069413 -0.452494
vn -0.048565 -0.997165 -0.057470
vn 0.889063 -0.069391 0.452495
vn 0.048565 0.997165 0.057469
vn -0.455219 -0.029103 0.889904
vn 0.455219 0.029099 -0.889904
vn -0.889054 0.069366 -0.452516
vn -0.048558 -0.997166 -0.057469
vn 0.889049 -0.069368 0.452526
vn 0.048558 0.997166 0.057470
vn -0.455220 -0.029099 0.889903
vn 0.455221 0.029120 -0.889902
usemtl None
s off
f 69/121/89 70/122/89 66/123/89
f 70/124/90 71/125/90 67/126/90
f 72/127/91 68/122/91 67/121/91
f 69/128/92 65/125/92 68/124/92
f 66/129/93 67/130/93 68/131/93
f 72/132/94 71/130/94 70/129/94
f 65/133/95 69/121/95 66/123/95
f 66/131/96 70/124/96 67/126/96
f 71/134/97 72/127/97 67/121/97
f 72/135/98 69/128/98 68/124/98
f 65/126/99 66/129/99 68/131/99
f 69/123/100 72/132/100 70/129/100
g Cube.010
v 294.474030 3.606537 -232.701324
v 294.091064 4.178326 -232.435745
v 290.354004 4.876252 -239.327347
v 290.736969 4.304463 -239.592926
v 293.296631 2.570115 -232.167831
v 292.913666 3.141904 -231.902252
v 289.176605 3.839831 -238.793854
v 289.559570 3.268042 -239.059433
vt 1.000000 0.210506
vt 0.866525 0.210506
vt 0.866525 0.000000
vt 0.299787 1.000000
vt 0.299787 0.000000
vt 0.599575 0.000000
vt 0.866525 0.421013
vt 0.000000 0.000000
vt 0.733050 0.000000
vt 0.733050 1.000000
vt 0.599575 1.000000
vt 0.866525 1.000000
vt 1.000000 0.000000
vt 1.000000 0.421012
vt 0.000000 1.000000
vn -0.474788 0.088695 -0.875620
vn 0.519173 -0.775138 -0.360028
vn 0.474807 -0.088706 0.875608
vn -0.519174 0.775138 0.360027
vn -0.710657 -0.625518 0.322014
vn 0.710601 0.625595 -0.321989
vn 0.519200 -0.775114 -0.360041
vn 0.474827 -0.088681 0.875600
vn -0.519197 0.775116 0.360042
vn -0.710640 -0.625543 0.322005
vn 0.710677 0.625492 -0.322022
usemtl None
s off
f 77/136/101 78/137/101 74/138/101
f 78/139/102 79/140/102 75/141/102
f 80/142/103 76/137/103 75/136/103
f 77/143/104 73/140/104 76/139/104
f 74/144/105 75/145/105 76/146/105
f 80/147/106 79/145/106 78/144/106
f 73/148/101 77/136/101 74/138/101
f 74/146/107 78/139/107 75/141/107
f 79/149/108 80/142/108 75/136/108
f 80/150/109 77/143/109 76/139/109
f 73/141/110 74/144/110 76/146/110
f 77/138/111 80/147/111 78/144/111
g Cube.009
v 278.659698 -5.070618 -236.166428
v 279.113403 -5.585505 -236.436981
v 282.860687 -5.916218 -229.523560
v 282.406982 -5.401331 -229.253006
v 279.701019 -3.886204 -236.674194
v 280.154724 -4.401091 -236.944748
v 283.902008 -4.731804 -230.031326
v 283.448303 -4.216917 -229.760773
vt 1.000000 0.210506
vt 0.866525 0.210506
vt 0.866525 0.000000
vt 0.299787 0.000000
vt 0.599575 0.000000
vt 0.599575 1.000000
vt 0.866525 0.421013
vt 0.000000 1.000000
vt 0.000000 0.000000
vt 0.733050 0.000000
vt 0.733050 1.000000
vt 1.000000 0.000000
vt 0.299787 1.000000
vt 1.000000 0.421012
vt 0.866525 1.000000
vn -0.476083 0.042025 -0.878396
vn 0.615077 -0.697965 -0.366778
vn 0.476122 -0.042011 0.878375
vn -0.615075 0.697967 0.366776
vn -0.628481 -0.714907 0.306463
vn 0.628489 0.714901 -0.306462
vn -0.476083 0.042037 -0.878395
vn 0.615040 -0.698006 -0.366761
vn 0.476083 -0.042025 0.878395
vn -0.615042 0.698005 0.366760
vn -0.628507 -0.714881 0.306470
vn 0.628500 0.714886 -0.306472
usemtl None
s off
f 85/151/112 86/152/112 82/153/112
f 87/154/113 83/155/113 82/156/113
f 88/157/114 84/152/114 83/151/114
f 88/158/115 85/159/115 81/154/115
f 81/155/116 82/160/116 83/161/116
f 87/161/117 86/160/117 85/153/117
f 81/162/118 85/151/118 82/153/118
f 86/163/119 87/154/119 82/156/119
f 87/164/120 88/157/120 83/151/120
f 84/163/121 88/158/121 81/154/121
f 84/156/122 81/155/122 83/161/122
f 88/165/123 87/161/123 85/153/123
g Cube.008
v 304.020935 -4.749562 -86.508331
v 304.563416 -5.246759 -86.456833
v 303.994263 -5.054836 -78.609146
v 303.451752 -4.557639 -78.660652
v 305.137207 -3.526302 -86.457291
v 305.679718 -4.023499 -86.405785
v 305.110535 -3.831576 -78.558105
v 304.568054 -3.334379 -78.609604
vt 1.000000 0.210506
vt 0.866525 0.210506
vt 0.866525 0.000000
vt 0.299787 1.000000
vt 0.299787 0.000000
vt 0.599575 0.000000
vt 0.866525 0.421013
vt 0.000000 0.000000
vt 0.733050 0.000000
vt 0.733050 1.000000
vt 0.599575 1.000000
vt 1.000000 0.000000
vt 1.000000 0.421012
vt 0.000000 1.000000
vt 0.866525 1.000000
vn 0.072335 -0.024381 -0.997082
vn 0.735393 -0.674035 0.069820
vn -0.072341 0.024381 0.997082
vn -0.735402 0.674024 -0.069821
vn -0.673710 -0.738354 -0.030805
vn 0.673720 0.738344 0.030808
vn 0.072313 -0.024382 -0.997084
vn 0.735422 -0.674003 0.069821
vn -0.072313 0.024382 0.997084
vn -0.735422 0.674003 -0.069821
vn -0.673748 -0.738319 -0.030810
vn 0.673748 0.738319 0.030808
usemtl None
s off
f 93/166/124 94/167/124 90/168/124
f 94/169/125 95/170/125 91/171/125
f 96/172/126 92/167/126 91/166/126
f 93/173/127 89/170/127 92/169/127
f 90/174/128 91/175/128 92/176/128
f 95/175/129 94/174/129 93/168/129
f 89/177/130 93/166/130 90/168/130
f 90/176/131 94/169/131 91/171/131
f 95/178/132 96/172/132 91/166/132
f 96/179/133 93/173/133 92/169/133
f 89/171/134 90/174/134 92/176/134
f 96/180/135 95/175/135 93/168/135
g Cube.007
v 316.041687 5.246800 -79.264801
v 315.668182 5.882357 -79.291740
v 316.340332 5.944970 -87.133369
v 316.713806 5.309413 -87.106430
v 314.619934 4.405850 -79.393379
v 314.246460 5.041407 -79.420319
v 314.918579 5.104020 -87.261948
v 315.292084 4.468463 -87.235008
vt 1.000000 0.210506
vt 0.866525 0.210506
vt 0.866525 0.000000
vt 0.299787 1.000000
vt 0.299787 0.000000
vt 0.599575 0.000000
vt 0.866525 0.421013
vt 0.000000 0.000000
vt 0.733050 0.000000
vt 0.733050 1.000000
vt 0.599575 1.000000
vt 1.000000 0.000000
vt 1.000000 0.421012
vt 0.000000 1.000000
vt 0.866525 1.000000
vn 0.085410 0.007947 -0.996314
vn 0.506305 -0.861581 0.036517
vn -0.085410 -0.007951 0.996314
vn -0.506309 0.861579 -0.036517
vn -0.858163 -0.507476 -0.077611
vn 0.858110 0.507568 0.077602
vn 0.085382 0.007953 -0.996317
vn 0.506307 -0.861580 0.036519
vn -0.085395 -0.007959 0.996315
vn -0.506307 0.861580 -0.036519
vn -0.858082 -0.507616 -0.077601
vn 0.858118 0.507553 0.077607
usemtl None
s off
f 101/181/136 102/182/136 98/183/136
f 102/184/137 103/185/137 99/186/137
f 104/187/138 100/182/138 99/181/138
f 101/188/139 97/185/139 100/184/139
f 98/189/140 99/190/140 100/191/140
f 103/190/141 102/189/141 101/183/141
f 97/192/142 101/181/142 98/183/142
f 98/191/143 102/184/143 99/186/143
f 103/193/144 104/187/144 99/181/144
f 104/194/145 101/188/145 100/184/145
f 97/186/146 98/189/146 100/191/146
f 104/195/147 103/190/147 101/183/147
g Cube.006
v 308.592194 9.327654 -79.561012
v 307.856293 9.298643 -79.602943
v 308.307739 9.204272 -87.460060
v 309.043671 9.233283 -87.418121
v 308.656128 7.672236 -79.537453
v 307.920197 7.643226 -79.579391
v 308.371674 7.548855 -87.436501
v 309.107574 7.577866 -87.394569
vt 1.000000 0.210506
vt 0.866525 0.210506
vt 0.866525 0.000000
vt 0.299787 0.000000
vt 0.599575 0.000000
vt 0.599575 1.000000
vt 1.000000 0.421012
vt 0.866525 0.421013
vt 0.000000 0.000000
vt 0.299787 1.000000
vt 0.733050 0.000000
vt 0.733050 1.000000
vt 0.866525 1.000000
vt 1.000000 0.000000
vt 0.000000 1.000000
vn 0.057353 -0.011991 -0.998282
vn 0.997608 0.039316 0.056847
vn -0.057356 0.011989 0.998282
vn -0.997607 -0.039354 -0.056851
vn 0.038577 -0.999155 0.014217
vn -0.038579 0.999154 -0.014218
vn 0.057356 -0.011992 -0.998282
vn 0.997608 0.039317 0.056851
vn -0.057378 0.011991 0.998280
vn -0.997610 -0.039279 -0.056847
vn 0.038580 -0.999154 0.014218
vn -0.038576 0.999155 -0.014217
usemtl None
s off
f 109/196/148 110/197/148 106/198/148
f 111/199/149 107/200/149 106/201/149
f 111/202/150 112/203/150 108/197/150
f 109/204/151 105/199/151 108/205/151
f 106/206/152 107/207/152 108/201/152
f 112/208/153 111/207/153 110/206/153
f 105/209/154 109/196/154 106/198/154
f 110/205/155 111/199/155 106/201/155
f 107/196/156 111/202/156 108/197/156
f 112/210/157 109/204/157 108/205/157
f 105/200/158 106/206/158 108/201/158
f 109/198/159 112/208/159 110/206/159
g Cube.005
v 274.247070 4.398880 -17.652201
v 274.181030 3.666642 -17.712397
v 279.606140 3.646165 -23.414555
v 279.672180 4.378403 -23.354361
v 275.438232 4.198241 -16.518204
v 275.372192 3.466003 -16.578398
v 280.797302 3.445526 -22.280558
v 280.863342 4.177763 -22.220362
vt 1.000000 0.210506
vt 0.866525 0.210506
vt 0.866525 0.000000
vt 0.299787 0.000000
vt 0.599575 0.000000
vt 0.599575 1.000000
vt 0.866525 0.421013
vt 0.000000 1.000000
vt 0.000000 0.000000
vt 0.733050 0.000000
vt 0.733050 1.000000
vt 0.866525 1.000000
vt 1.000000 0.000000
vt 0.299787 1.000000
vt 1.000000 0.421012
vn 0.689281 -0.002597 -0.724490
vn 0.089514 0.992637 0.081600
vn -0.689282 0.002634 0.724488
vn -0.089516 -0.992637 -0.081601
vn 0.718939 -0.121092 0.684443
vn -0.718942 0.121063 -0.684446
vn 0.689282 -0.002597 -0.724489
vn 0.089514 0.992637 0.081601
vn -0.689281 0.002597 0.724490
vn -0.089514 -0.992637 -0.081600
vn 0.718938 -0.121105 0.684442
vn -0.718938 0.121105 -0.684442
usemtl None
s off
f 117/211/160 118/212/160 114/213/160
f 119/214/161 115/215/161 114/216/161
f 120/217/162 116/212/162 115/211/162
f 120/218/163 117/219/163 113/214/163
f 114/220/164 115/221/164 116/216/164
f 120/222/165 119/221/165 118/220/165
f 113/223/166 117/211/166 114/213/166
f 118/224/167 119/214/167 114/216/167
f 119/225/168 120/217/168 115/211/168
f 116/224/169 120/218/169 113/214/169
f 113/215/170 114/220/170 116/216/170
f 117/213/171 120/222/171 118/220/171
g Cube.004
v 279.902100 9.302027 -11.512496
v 279.375366 9.338501 -12.027655
v 284.878845 9.344937 -17.654240
v 285.405579 9.308462 -17.139080
v 279.844482 7.647235 -11.570747
v 279.317749 7.683710 -12.085906
v 284.821228 7.690146 -17.712490
v 285.347961 7.653671 -17.197332
vt 0.866525 0.210506
vt 0.866525 0.000000
vt 1.000000 0.000000
vt 0.299787 0.000000
vt 0.599575 0.000000
vt 0.599575 1.000000
vt 0.866525 0.421013
vt 1.000000 0.210506
vt 0.000000 0.000000
vt 0.299787 1.000000
vt 0.733050 0.000000
vt 0.733050 1.000000
vt 1.000000 0.421012
vt 0.000000 1.000000
vt 0.866525 1.000000
vn 0.699236 0.000799 -0.714891
vn 0.714038 -0.049445 0.698359
vn -0.699237 -0.000824 0.714889
vn -0.714038 0.049445 -0.698359
vn -0.034776 -0.998776 -0.035158
vn 0.034776 0.998777 0.035157
vn 0.699236 0.000824 -0.714890
vn -0.699238 -0.000824 0.714889
vn -0.714037 0.049464 -0.698358
vn -0.034777 -0.998777 -0.035158
vn 0.034777 0.998777 0.035158
usemtl None
s off
f 126/226/172 122/227/172 121/228/172
f 127/229/173 123/230/173 122/231/173
f 128/232/174 124/226/174 123/233/174
f 125/234/175 121/229/175 124/235/175
f 122/236/176 123/237/176 124/231/176
f 127/237/177 126/236/177 125/227/177
f 125/233/178 126/226/178 121/228/178
f 126/235/173 127/229/173 122/231/173
f 127/238/179 128/232/179 123/233/179
f 128/239/180 125/234/180 124/235/180
f 121/230/181 122/236/181 124/231/181
f 128/240/182 127/237/182 125/227/182
g Cube.003
v 284.258545 -6.549838 -18.458612
v 284.752014 -6.586312 -17.911510
v 278.907318 -6.592748 -12.640240
v 278.413849 -6.556273 -13.187340
v 284.312408 -4.895047 -18.396870
v 284.805878 -4.931521 -17.849770
v 278.961182 -4.937957 -12.578497
v 278.467712 -4.901483 -13.125598
vt 0.866525 0.210506
vt 0.866525 0.000000
vt 1.000000 0.000000
vt 0.299787 1.000000
vt 0.299787 0.000000
vt 0.599575 0.000000
vt 1.000000 0.421012
vt 0.866525 0.421013
vt 0.000000 1.000000
vt 0.000000 0.000000
vt 0.733050 0.000000
vt 0.733050 1.000000
vt 0.599575 1.000000
vt 1.000000 0.210506
vt 0.866525 1.000000
vn 0.742593 0.000799 -0.669743
vn 0.668950 -0.049462 0.741660
vn -0.742594 -0.000812 0.669741
vn -0.668950 0.049458 -0.741660
vn -0.032511 -0.998776 -0.037267
vn 0.032507 0.998777 0.037263
vn 0.742594 0.000824 -0.669742
vn 0.668950 -0.049464 0.741660
vn -0.742593 -0.000849 0.669743
vn -0.668950 0.049464 -0.741660
vn -0.032508 -0.998777 -0.037264
vn 0.032512 0.998776 0.037267
usemtl None
s off
f 134/241/183 130/242/183 129/243/183
f 134/244/184 135/245/184 131/246/184
f 135/247/185 136/248/185 132/241/185
f 136/249/186 133/250/186 129/245/186
f 130/251/187 131/252/187 132/253/187
f 135/252/188 134/251/188 133/242/188
f 133/254/189 134/241/189 129/243/189
f 130/253/190 134/244/190 131/246/190
f 131/254/191 135/247/191 132/241/191
f 132/244/192 136/249/192 129/245/192
f 129/246/193 130/251/193 132/253/193
f 136/255/194 135/252/194 133/242/194
g Cube.002
v 193.615570 2.864705 40.173603
v 193.632935 2.131161 40.249550
v 201.387680 2.175528 38.904663
v 201.370316 2.909071 38.828712
v 193.335007 2.689970 38.550087
v 193.352371 1.956426 38.626038
v 201.107117 2.000793 37.281147
v 201.089752 2.734336 37.205200
vt 1.000000 0.210506
vt 0.866525 0.210506
vt 0.866525 0.000000
vt 0.299787 1.000000
vt 0.299787 0.000000
vt 0.599575 0.000000
vt 1.000000 0.421012
vt 0.866525 0.421013
vt 0.000000 0.000000
vt 0.733050 0.000000
vt 0.733050 1.000000
vt 0.599575 1.000000
vt 0.866525 1.000000
vt 1.000000 0.000000
vt 0.000000 1.000000
vn -0.985277 -0.005593 0.170874
vn 0.023545 -0.994407 0.102956
vn 0.985277 0.005643 -0.170873
vn -0.023545 0.994407 -0.102956
vn 0.169338 0.105472 0.979898
vn -0.169339 -0.105452 -0.979900
vn -0.985276 -0.005693 0.170874
vn 0.023545 -0.994407 0.102957
vn 0.985277 0.005643 -0.170875
vn -0.023545 0.994407 -0.102957
vn 0.169340 0.105452 0.979900
vn -0.169337 -0.105483 -0.979897
usemtl None
s off
f 141/256/195 142/257/195 138/258/195
f 142/259/196 143/260/196 139/261/196
f 143/262/197 144/263/197 140/257/197
f 141/264/198 137/260/198 140/259/198
f 138/265/199 139/266/199 140/267/199
f 144/268/200 143/266/200 142/265/200
f 137/269/201 141/256/201 138/258/201
f 138/267/202 142/259/202 139/261/202
f 139/256/203 143/262/203 140/257/203
f 144/270/204 141/264/204 140/259/204
f 137/261/205 138/265/205 140/267/205
f 141/258/206 144/268/206 142/265/206
g Cube.001
v 156.123444 -6.005137 35.998592
v 156.078979 -6.003037 35.262268
v 163.933990 -6.145427 34.787464
v 163.978455 -6.147527 35.523788
v 156.153656 -4.348597 36.001492
v 156.109192 -4.346497 35.265167
v 163.964203 -4.488887 34.790363
v 164.008667 -4.490987 35.526688
vt 0.866525 0.210506
vt 0.866525 0.000000
vt 1.000000 0.000000
vt 0.299787 0.000000
vt 0.599575 0.000000
vt 0.599575 1.000000
vt 1.000000 0.421012
vt 0.866525 0.421013
vt 0.000000 1.000000
vt 0.000000 0.000000
vt 0.733050 0.000000
vt 0.733050 1.000000
vt 1.000000 0.210506
vt 0.299787 1.000000
vt 0.866525 1.000000
vn -0.998015 0.018103 0.060318
vn -0.060283 0.002846 -0.998177
vn 0.998015 -0.018096 -0.060318
vn 0.060284 -0.002846 0.998177
vn -0.018230 -0.999832 -0.001750
vn 0.018230 0.999832 0.001752
vn -0.998015 0.018091 0.060319
vn -0.060285 0.002847 -0.998177
vn 0.998015 -0.018103 -0.060319
vn 0.060285 -0.002847 0.998177
vn -0.018230 -0.999832 -0.001752
vn 0.018230 0.999832 0.001750
usemtl None
s off
f 150/271/207 146/272/207 145/273/207
f 151/274/208 147/275/208 146/276/208
f 151/277/209 152/278/209 148/271/209
f 152/279/210 149/280/210 145/274/210
f 145/275/211 146/281/211 147/282/211
f 151/282/212 150/281/212 149/272/212
f 149/283/213 150/271/213 145/273/213
f 150/284/214 151/274/214 146/276/214
f 147/283/215 151/277/215 148/271/215
f 148/284/216 152/279/216 145/274/216
f 148/276/217 145/275/217 147/282/217
f 152/285/218 151/282/218 149/272/218
g Cube
v 109.575500 -4.658283 32.174477
v 109.689224 -4.659183 31.445625
v 117.463837 -4.832819 32.658947
v 117.350113 -4.831920 33.387794
v 109.611923 -3.001869 32.178112
v 109.725647 -3.002769 31.449265
v 117.500259 -3.176405 32.662582
v 117.386536 -3.175506 33.391434
vt 0.866525 0.210506
vt 0.866525 0.000000
vt 1.000000 0.000000
vt 0.299787 1.000000
vt 0.299787 0.000000
vt 0.599575 0.000000
vt 1.000000 0.421012
vt 0.866525 0.421013
vt 0.000000 0.000000
vt 0.733050 0.000000
vt 0.733050 1.000000
vt 0.599575 1.000000
vt 0.866525 1.000000
vt 1.000000 0.210506
vt 0.000000 1.000000
vn -0.987801 0.022048 -0.154155
vn 0.154168 -0.001221 -0.988044
vn 0.987800 -0.022064 0.154154
vn -0.154168 0.001222 0.988044
vn -0.021986 -0.999756 -0.002195
vn 0.021985 0.999756 0.002195
vn -0.987800 0.022073 -0.154156
vn 0.154169 -0.001219 -0.988044
vn 0.987800 -0.022061 0.154157
vn -0.154169 0.001219 0.988044
vn -0.021986 -0.999756 -0.002196
vn 0.021986 0.999756 0.002197
usemtl None
s off
f 158/286/219 154/287/219 153/288/219
f 158/289/220 159/290/220 155/291/220
f 159/292/221 160/293/221 156/286/221
f 157/294/222 153/290/222 156/289/222
f 154/295/223 155/296/223 156/297/223
f 160/298/224 159/296/224 158/295/224
f 157/299/225 158/286/225 153/288/225
f 154/297/226 158/289/226 155/291/226
f 155/299/227 159/292/227 156/286/227
f 160/300/228 157/294/228 156/289/228
f 153/291/229 154/295/229 156/297/229
f 157/287/230 160/298/230 158/295/230
