# Blender v2.70 (sub 0) OBJ File: 'Tube.blend'
# www.blender.org
mtllib holes.mtl
g hole.001_Cube.002
v 200.438522 -5.240797 27.702944
v 200.103683 -5.240797 24.394543
v 203.412094 -5.240797 24.059706
v 203.746933 -5.240797 27.368107
v 200.438522 -2.028423 27.702944
v 200.103683 -2.028423 24.394543
v 203.412094 -2.028423 24.059706
v 203.746933 -2.028423 27.368107
vt 0.333333 0.666667
vt 0.333333 0.333333
vt 0.666667 0.333333
vt 0.000000 0.333333
vt 0.000000 0.000000
vt 0.333333 0.000000
vt 0.666667 0.000000
vt 0.333333 1.000000
vt 0.666667 0.666667
vt 1.000000 0.666667
vt 1.000000 1.000000
vt 0.000000 0.666667
vt 0.666667 1.000000
vn -0.994917 0.000000 0.100694
vn -0.100692 0.000000 -0.994918
vn 0.994917 0.000000 -0.100694
vn 0.100693 0.000000 0.994917
vn 0.000000 -1.000000 0.000000
vn 0.000000 1.000000 0.000000
vn -0.100695 0.000000 -0.994917
usemtl None
s off
f 6/1/1 2/2/1 1/3/1
f 7/4/2 3/2/2 2/1/2
f 8/5/3 4/6/3 3/2/3
f 5/6/4 1/7/4 4/3/4
f 2/8/5 3/1/5 4/9/5
f 8/9/6 7/10/6 6/11/6
f 5/9/1 6/1/1 1/3/1
f 6/12/7 7/4/7 2/1/7
f 7/4/3 8/5/3 3/2/3
f 8/2/4 5/6/4 4/3/4
f 1/13/5 2/8/5 4/9/5
f 5/13/6 8/9/6 6/11/6
g hole_Cube
v 216.638504 -5.240797 115.190063
v 215.254242 -5.240797 112.166580
v 218.277725 -5.240797 110.782318
v 219.661987 -5.240797 113.805801
v 216.638504 -2.028423 115.190063
v 215.254242 -2.028423 112.166580
v 218.277725 -2.028423 110.782318
v 219.661987 -2.028423 113.805801
vt 0.333333 0.666667
vt 0.333333 0.333333
vt 0.666667 0.333333
vt 0.000000 0.333333
vt 0.000000 0.000000
vt 0.333333 0.000000
vt 0.666667 0.000000
vt 0.333333 1.000000
vt 0.666667 0.666667
vt 1.000000 0.666667
vt 1.000000 1.000000
vt 0.666667 1.000000
vt 0.000000 0.666667
vn -0.909236 0.000000 0.416281
vn -0.416282 0.000000 -0.909235
vn 0.909236 0.000000 -0.416281
vn 0.416282 0.000000 0.909235
vn 0.000000 -1.000000 -0.000000
vn 0.000000 1.000000 -0.000000
vn -0.416278 0.000000 -0.909238
vn 0.909235 0.000000 -0.416283
usemtl None
s off
f 14/14/8 10/15/8 9/16/8
f 15/17/9 11/15/9 10/14/9
f 16/18/10 12/19/10 11/15/10
f 13/19/11 9/20/11 12/16/11
f 10/21/12 11/14/12 12/22/12
f 15/23/13 14/24/13 13/25/13
f 13/22/8 14/14/8 9/16/8
f 14/26/14 15/17/14 10/14/14
f 15/17/15 16/18/15 11/15/15
f 16/15/11 13/19/11 12/16/11
f 9/25/12 10/21/12 12/22/12
f 16/22/13 15/23/13 13/25/13
