# Blender v2.70 (sub 0) OBJ File: 'Astec_MAP_2.blend'
# www.blender.org
mtllib WallBoundingBoxes.mtl
g WallBoundingBox.272_Circle.277
v -365.233307 -14.748198 59.537277
v -364.744324 -14.942335 59.876842
v -364.891785 -15.537334 59.749020
v -365.380768 -15.343196 59.409454
v -365.593719 -14.766920 60.050991
v -365.104401 -14.961040 60.390095
v -365.252106 -15.556053 60.262619
v -365.741425 -15.361933 59.923515
vt 0.000000 0.000000
vn 0.237544 0.950292 0.201291
vn 0.783628 -0.309814 0.538464
vn -0.237497 -0.950310 -0.201260
vn -0.783604 0.309886 -0.538456
vn 0.578562 0.031716 -0.815021
vn -0.577692 -0.031288 0.815655
vn 0.237513 0.950305 0.201268
vn 0.783607 -0.309869 0.538463
vn -0.237535 -0.950296 -0.201281
vn -0.783581 0.309918 -0.538471
vn 0.578570 0.031677 -0.815018
vn -0.577703 -0.031365 0.815644
usemtl TubeMaterial
s off
f 6/1/1 2/1/1 1/1/1
f 6/1/2 7/1/2 3/1/2
f 7/1/3 8/1/3 4/1/3
f 5/1/4 1/1/4 4/1/4
f 2/1/5 3/1/5 4/1/5
f 8/1/6 7/1/6 6/1/6
f 5/1/7 6/1/7 1/1/7
f 2/1/8 6/1/8 3/1/8
f 3/1/9 7/1/9 4/1/9
f 8/1/10 5/1/10 4/1/10
f 1/1/11 2/1/11 4/1/11
f 5/1/12 8/1/12 6/1/12
g WallBoundingBox.271_Circle.276
v -170.438538 33.093384 -53.769669
v -170.228271 32.847137 -53.233704
v -170.052963 32.329941 -53.540104
v -170.263229 32.576187 -54.076069
v -171.003098 32.837742 -53.666504
v -170.792664 32.591572 -53.130569
v -170.617935 32.074112 -53.436863
v -170.828384 32.320282 -53.972794
vt 0.000000 0.000000
vn -0.283695 0.824268 0.490000
vn 0.334732 -0.393721 0.856118
vn 0.283692 -0.824264 -0.490007
vn -0.334726 0.393740 -0.856112
vn 0.899341 0.404000 -0.167243
vn -0.899571 -0.403160 0.168028
vn -0.283698 0.824265 0.490003
vn 0.334730 -0.393723 0.856118
vn 0.283684 -0.824273 -0.489998
vn -0.334726 0.393698 -0.856131
vn 0.899370 0.403933 -0.167249
vn -0.899542 -0.403228 0.168021
usemtl TubeMaterial
s off
f 13/2/13 14/2/13 10/2/13
f 15/2/14 11/2/14 10/2/14
f 16/2/15 12/2/15 11/2/15
f 16/2/16 13/2/16 9/2/16
f 10/2/17 11/2/17 12/2/17
f 16/2/18 15/2/18 14/2/18
f 9/2/19 13/2/19 10/2/19
f 14/2/20 15/2/20 10/2/20
f 15/2/21 16/2/21 11/2/21
f 12/2/22 16/2/22 9/2/22
f 9/2/23 10/2/23 12/2/23
f 13/2/24 16/2/24 14/2/24
g WallBoundingBox.270_Circle.275
v 18.164764 124.908005 -57.409290
v 18.142651 124.554832 -56.892681
v 18.328812 124.057587 -57.224648
v 18.350925 124.410767 -57.741257
v 17.569595 124.772484 -57.529140
v 17.547756 124.419373 -57.012474
v 17.735180 123.922432 -57.344181
v 17.757021 124.275543 -57.860847
vt 0.000000 0.000000
vn -0.288408 0.796173 0.531911
vn -0.037502 -0.564520 0.824567
vn 0.288384 -0.796145 -0.531967
vn 0.037511 0.564550 -0.824546
vn 0.954136 0.226544 0.195709
vn -0.953517 -0.228488 -0.196465
vn -0.288408 0.796158 0.531934
vn -0.037506 -0.564502 0.824579
vn 0.288377 -0.796164 -0.531941
vn 0.037492 0.564534 -0.824558
vn 0.954131 0.226552 0.195726
vn -0.953513 -0.228493 -0.196481
usemtl TubeMaterial
s off
f 21/3/25 22/3/25 18/3/25
f 22/3/26 23/3/26 19/3/26
f 24/3/27 20/3/27 19/3/27
f 21/3/28 17/3/28 20/3/28
f 17/3/29 18/3/29 19/3/29
f 23/3/30 22/3/30 21/3/30
f 17/3/31 21/3/31 18/3/31
f 18/3/32 22/3/32 19/3/32
f 23/3/33 24/3/33 19/3/33
f 24/3/34 21/3/34 20/3/34
f 20/3/35 17/3/35 19/3/35
f 24/3/36 23/3/36 21/3/36
g WallBoundingBox.269_Circle.274
v 74.980888 132.510208 -48.907703
v 74.948273 132.155151 -48.392944
v 74.990211 131.639603 -48.745888
v 75.022827 131.994675 -49.260647
v 74.363335 132.498550 -48.954899
v 74.330711 132.143494 -48.440140
v 74.374580 131.628006 -48.792923
v 74.407204 131.983063 -49.307678
vt 0.000000 0.000000
vn -0.058671 0.823494 0.564283
vn -0.052120 -0.567028 0.822048
vn 0.058650 -0.823488 -0.564294
vn 0.052114 0.567028 -0.822048
vn 0.996394 0.025683 0.080866
vn -0.996182 -0.028242 -0.082611
vn -0.058662 0.823487 0.564294
vn -0.052122 -0.567004 0.822065
vn 0.058627 -0.823479 -0.564309
vn 0.052101 0.567017 -0.822057
vn 0.996395 0.025684 0.080856
vn -0.996182 -0.028213 -0.082616
usemtl TubeMaterial
s off
f 29/4/37 30/4/37 26/4/37
f 30/4/38 31/4/38 27/4/38
f 32/4/39 28/4/39 27/4/39
f 29/4/40 25/4/40 28/4/40
f 26/4/41 27/4/41 28/4/41
f 32/4/42 31/4/42 30/4/42
f 25/4/43 29/4/43 26/4/43
f 26/4/44 30/4/44 27/4/44
f 31/4/45 32/4/45 27/4/45
f 32/4/46 29/4/46 28/4/46
f 25/4/47 26/4/47 28/4/47
f 29/4/48 32/4/48 30/4/48
g WallBoundingBox.268_Circle.273
v 188.702682 97.833199 -67.859779
v 188.692795 97.468956 -67.350525
v 188.250565 97.112480 -67.614090
v 188.260452 97.476723 -68.123337
v 188.259827 98.187271 -67.615852
v 188.249802 97.823135 -67.106529
v 187.809494 97.465088 -67.371178
v 187.819519 97.829231 -67.880501
vt 0.000000 0.000000
vn 0.696379 0.577267 0.426403
vn -0.016482 -0.581129 0.813644
vn -0.696337 -0.577308 -0.426416
vn 0.016483 0.581141 -0.813636
vn 0.707784 -0.581022 -0.401816
vn -0.710854 0.578680 0.399770
vn 0.696394 0.577226 0.426435
vn -0.016480 -0.581129 0.813645
vn -0.696364 -0.577264 -0.426432
vn 0.016476 0.581110 -0.813658
vn 0.707849 -0.580945 -0.401812
vn -0.710832 0.578735 0.399729
usemtl TubeMaterial
s off
f 37/5/49 38/5/49 34/5/49
f 39/5/50 35/5/50 34/5/50
f 40/5/51 36/5/51 35/5/51
f 40/5/52 37/5/52 33/5/52
f 34/5/53 35/5/53 36/5/53
f 40/5/54 39/5/54 38/5/54
f 33/5/55 37/5/55 34/5/55
f 38/5/56 39/5/56 34/5/56
f 39/5/57 40/5/57 35/5/57
f 36/5/58 40/5/58 33/5/58
f 33/5/59 34/5/59 36/5/59
f 37/5/60 40/5/60 38/5/60
g WallBoundingBox.267_Circle.272
v 205.838974 81.179550 -79.636002
v 205.833847 80.810699 -79.130005
v 205.323196 80.520325 -79.346855
v 205.328339 80.889168 -79.852859
v 205.488800 81.592781 -79.337509
v 205.483566 81.224037 -78.831436
v 204.974182 80.932213 -79.049332
v 204.979416 81.300957 -79.555405
vt 0.000000 0.000000
vn 0.824198 0.453616 0.339012
vn -0.007611 -0.589743 0.807555
vn -0.824272 -0.453496 -0.338995
vn 0.007596 0.589735 -0.807561
vn 0.578705 -0.661828 -0.476534
vn -0.581575 0.660293 0.475168
vn 0.824212 0.453587 0.339018
vn -0.007564 -0.589754 0.807548
vn -0.824234 -0.453573 -0.338984
vn 0.007573 0.589762 -0.807541
vn 0.578714 -0.661782 -0.476587
vn -0.581537 0.660364 0.475115
usemtl TubeMaterial
s off
f 46/6/61 42/6/61 41/6/61
f 46/6/62 47/6/62 43/6/62
f 47/6/63 48/6/63 44/6/63
f 45/6/64 41/6/64 44/6/64
f 42/6/65 43/6/65 44/6/65
f 48/6/66 47/6/66 46/6/66
f 45/6/67 46/6/67 41/6/67
f 42/6/68 46/6/68 43/6/68
f 43/6/69 47/6/69 44/6/69
f 48/6/70 45/6/70 44/6/70
f 41/6/71 42/6/71 44/6/71
f 45/6/72 48/6/72 46/6/72
g WallBoundingBox.266_Circle.271
v 250.717575 -12.698527 -148.019608
v 250.706161 -13.038908 -147.494125
v 250.095840 -13.150013 -147.579361
v 250.107254 -12.809632 -148.104828
v 250.577759 -12.186808 -147.690308
v 250.566528 -12.527837 -147.165253
v 249.956360 -12.639511 -147.250839
v 249.967590 -12.298483 -147.775894
vt 0.000000 0.000000
vn 0.974447 0.178266 0.136655
vn -0.017986 -0.544542 0.838540
vn -0.974443 -0.178283 -0.136657
vn 0.017953 0.544549 -0.838537
vn 0.222918 -0.820377 -0.526582
vn -0.223999 0.819483 0.527515
vn 0.974417 0.178432 0.136652
vn -0.017956 -0.544524 0.838553
vn -0.974438 -0.178312 -0.136660
vn 0.017973 0.544549 -0.838537
vn 0.222864 -0.820399 -0.526571
vn -0.224000 0.819491 0.527502
usemtl TubeMaterial
s off
f 54/7/73 50/7/73 49/7/73
f 55/7/74 51/7/74 50/7/74
f 55/7/75 56/7/75 52/7/75
f 56/7/76 53/7/76 49/7/76
f 49/7/77 50/7/77 51/7/77
f 56/7/78 55/7/78 54/7/78
f 53/7/79 54/7/79 49/7/79
f 54/7/80 55/7/80 50/7/80
f 51/7/81 55/7/81 52/7/81
f 52/7/82 56/7/82 49/7/82
f 52/7/83 49/7/83 51/7/83
f 53/7/84 56/7/84 54/7/84
g WallBoundingBox.265_Circle.270
v 256.000153 -35.336906 -161.603973
v 255.980896 -35.643318 -161.058212
v 255.363617 -35.724243 -161.125412
v 255.382858 -35.417831 -161.671173
v 255.892639 -34.801949 -161.301788
v 255.873581 -35.109276 -160.756546
v 255.256454 -35.191021 -160.824203
v 255.275513 -34.883690 -161.369446
vt 0.000000 0.000000
vn 0.984595 0.135331 0.110714
vn -0.029441 -0.496104 0.867764
vn -0.984606 -0.135264 -0.110702
vn 0.029418 0.496120 -0.867756
vn 0.165131 -0.862487 -0.478381
vn -0.166717 0.861427 0.479738
vn 0.984606 0.135258 0.110705
vn -0.029430 -0.496095 0.867770
vn -0.984600 -0.135307 -0.110706
vn 0.029424 0.496093 -0.867771
vn 0.165179 -0.862455 -0.478423
vn -0.166696 0.861439 0.479724
usemtl TubeMaterial
s off
f 62/8/85 58/8/85 57/8/85
f 63/8/86 59/8/86 58/8/86
f 63/8/87 64/8/87 60/8/87
f 64/8/88 61/8/88 57/8/88
f 58/8/89 59/8/89 60/8/89
f 64/8/90 63/8/90 62/8/90
f 61/8/91 62/8/91 57/8/91
f 62/8/92 63/8/92 58/8/92
f 59/8/93 63/8/93 60/8/93
f 60/8/94 64/8/94 57/8/94
f 57/8/95 58/8/95 60/8/95
f 61/8/96 64/8/96 62/8/96
g WallBoundingBox.264_Circle.269
v 259.696381 -63.267056 -175.328217
v 259.669281 -63.511700 -174.752441
v 259.044861 -63.536514 -174.792374
v 259.071960 -63.291866 -175.368164
v 259.651733 -62.697685 -175.081085
v 259.624725 -62.943844 -174.505951
v 259.000427 -62.970043 -174.546478
v 259.027435 -62.723885 -175.121613
vt 0.000000 0.000000
vn 0.996513 0.048845 0.067648
vn -0.042617 -0.400619 0.915253
vn -0.996516 -0.048772 -0.067657
vn 0.042606 0.400648 -0.915241
vn 0.061327 -0.919676 -0.387860
vn -0.063878 0.918538 0.390137
vn 0.996518 0.048716 0.067672
vn -0.042603 -0.400623 0.915252
vn -0.996515 -0.048807 -0.067641
vn 0.042670 0.400650 -0.915237
vn 0.061366 -0.919671 -0.387866
vn -0.063859 0.918546 0.390121
usemtl TubeMaterial
s off
f 70/9/97 66/9/97 65/9/97
f 71/9/98 67/9/98 66/9/98
f 71/9/99 72/9/99 68/9/99
f 72/9/100 69/9/100 65/9/100
f 66/9/101 67/9/101 68/9/101
f 71/9/102 70/9/102 69/9/102
f 69/9/103 70/9/103 65/9/103
f 70/9/104 71/9/104 66/9/104
f 67/9/105 71/9/105 68/9/105
f 68/9/106 72/9/106 65/9/106
f 65/9/107 66/9/107 68/9/107
f 72/9/108 71/9/108 69/9/108
g WallBoundingBox.263_Circle.268
v 248.690216 -130.952271 -188.003494
v 248.722519 -130.893158 -187.380951
v 248.156509 -130.625366 -187.376999
v 248.124207 -130.684464 -187.999557
v 248.963593 -130.404800 -188.083084
v 248.994446 -130.348801 -187.460175
v 248.426941 -130.084167 -187.455872
v 248.396103 -130.140167 -188.078781
vt 0.000000 0.000000
vn 0.894364 -0.447321 -0.004052
vn 0.060692 0.114162 0.991607
vn -0.894338 0.447375 0.003928
vn -0.060751 -0.113833 -0.991641
vn -0.424541 -0.899016 0.107401
vn 0.419796 0.901891 -0.101806
vn 0.894420 -0.447210 -0.003970
vn 0.060837 0.113947 0.991622
vn -0.894276 0.447498 0.004035
vn -0.060690 -0.114010 -0.991624
vn -0.424624 -0.898985 0.107333
vn 0.419803 0.901874 -0.101925
usemtl TubeMaterial
s off
f 77/10/109 78/10/109 74/10/109
f 78/10/110 79/10/110 75/10/110
f 80/10/111 76/10/111 75/10/111
f 77/10/112 73/10/112 76/10/112
f 74/10/113 75/10/113 76/10/113
f 80/10/114 79/10/114 78/10/114
f 73/10/115 77/10/115 74/10/115
f 74/10/116 78/10/116 75/10/116
f 79/10/117 80/10/117 75/10/117
f 80/10/118 77/10/118 76/10/118
f 73/10/119 74/10/119 76/10/119
f 77/10/120 80/10/120 78/10/120
g WallBoundingBox.262_Circle.267
v 164.612610 -202.423950 -136.227783
v 164.832535 -202.151688 -135.708542
v 164.506897 -201.633804 -135.842163
v 164.286972 -201.906052 -136.361404
v 165.097427 -202.200333 -136.550522
v 165.317322 -201.928101 -136.031265
v 164.991150 -201.410446 -136.164520
v 164.771255 -201.682678 -136.683792
vt 0.000000 0.000000
vn 0.522147 -0.826075 0.212046
vn 0.351330 0.434870 0.829129
vn -0.522171 0.826066 -0.212020
vn -0.351386 -0.434865 -0.829108
vn -0.778601 -0.356270 0.516577
vn 0.778031 0.357229 -0.516774
vn 0.522108 -0.826117 0.211977
vn 0.351449 0.434848 0.829090
vn -0.522136 0.826099 -0.211980
vn -0.351383 -0.434829 -0.829128
vn -0.778583 -0.356272 0.516604
vn 0.778071 0.357205 -0.516730
usemtl TubeMaterial
s off
f 85/11/121 86/11/121 82/11/121
f 87/11/122 83/11/122 82/11/122
f 88/11/123 84/11/123 83/11/123
f 88/11/124 85/11/124 81/11/124
f 81/11/125 82/11/125 83/11/125
f 87/11/126 86/11/126 85/11/126
f 81/11/127 85/11/127 82/11/127
f 86/11/128 87/11/128 82/11/128
f 87/11/129 88/11/129 83/11/129
f 84/11/130 88/11/130 81/11/130
f 84/11/131 81/11/131 83/11/131
f 88/11/132 87/11/132 85/11/132
g WallBoundingBox.261_Circle.266
v 121.909569 -216.489273 -106.961899
v 122.196388 -216.196121 -106.488716
v 121.952057 -215.651535 -106.678017
v 121.665245 -215.944687 -107.151199
v 122.407539 -216.395950 -107.325638
v 122.693604 -216.102936 -106.851913
v 122.448524 -215.558487 -107.040672
v 122.162453 -215.851501 -107.514397
vt 0.000000 0.000000
vn 0.386118 -0.870475 0.305263
vn 0.461970 0.468951 0.752774
vn -0.386127 0.870476 -0.305251
vn -0.461972 -0.468917 -0.752794
vn -0.798737 -0.156399 0.580998
vn 0.798817 0.158382 -0.580351
vn 0.386113 -0.870487 0.305237
vn 0.461998 0.468934 0.752767
vn -0.386120 0.870484 -0.305236
vn -0.461997 -0.468962 -0.752750
vn -0.798713 -0.156361 0.581041
vn 0.798812 0.158377 -0.580358
usemtl TubeMaterial
s off
f 93/12/133 94/12/133 90/12/133
f 94/12/134 95/12/134 91/12/134
f 96/12/135 92/12/135 91/12/135
f 93/12/136 89/12/136 92/12/136
f 90/12/137 91/12/137 92/12/137
f 95/12/138 94/12/138 93/12/138
f 89/12/139 93/12/139 90/12/139
f 90/12/140 94/12/140 91/12/140
f 95/12/141 96/12/141 91/12/141
f 96/12/142 93/12/142 92/12/142
f 89/12/143 90/12/143 92/12/143
f 96/12/144 95/12/144 93/12/144
g WallBoundingBox.260_Circle.265
v 89.855133 -220.451965 -82.716034
v 90.183525 -220.153503 -82.274239
v 89.978447 -219.603836 -82.493134
v 89.650055 -219.902298 -82.934937
v 90.346062 -220.422119 -83.101013
v 90.673904 -220.123688 -82.658783
v 90.468361 -219.574051 -82.877312
v 90.140518 -219.872482 -83.319542
vt 0.000000 0.000000
vn 0.327512 -0.877801 0.349574
vn 0.524334 0.476606 0.705634
vn -0.327497 0.877784 -0.349630
vn -0.524348 -0.476651 -0.705594
vn -0.785944 -0.047749 0.616451
vn 0.786231 0.049091 -0.615980
vn 0.327514 -0.877806 0.349558
vn 0.524362 0.476655 0.705581
vn -0.327501 0.877806 -0.349570
vn -0.524358 -0.476631 -0.705600
vn -0.785934 -0.047727 0.616466
vn 0.786202 0.049082 -0.616017
usemtl TubeMaterial
s off
f 101/13/145 102/13/145 98/13/145
f 102/13/146 103/13/146 99/13/146
f 104/13/147 100/13/147 99/13/147
f 101/13/148 97/13/148 100/13/148
f 98/13/149 99/13/149 100/13/149
f 103/13/150 102/13/150 101/13/150
f 97/13/151 101/13/151 98/13/151
f 98/13/152 102/13/152 99/13/152
f 103/13/153 104/13/153 99/13/153
f 104/13/154 101/13/154 100/13/154
f 97/13/155 98/13/155 100/13/155
f 104/13/156 103/13/156 101/13/156
g WallBoundingBox.259_Circle.264
v 41.408016 -219.761765 -42.585468
v 41.784592 -219.463882 -42.183517
v 41.613163 -218.914413 -42.430111
v 41.236588 -219.212296 -42.832062
v 41.877411 -219.800858 -42.997639
v 42.253548 -219.502945 -42.595303
v 42.081902 -218.953461 -42.841702
v 41.705761 -219.251389 -43.244038
vt 0.000000 0.000000
vn 0.273168 -0.877429 0.394333
vn 0.602424 0.475600 0.641008
vn -0.273149 0.877431 -0.394341
vn -0.602455 -0.475625 -0.640960
vn -0.750583 0.061091 0.657947
vn 0.751028 -0.060244 -0.657516
vn 0.273181 -0.877441 0.394297
vn 0.602448 0.475620 0.640970
vn -0.273166 0.877417 -0.394361
vn -0.602444 -0.475615 -0.640977
vn -0.750592 0.061087 0.657936
vn 0.751045 -0.060233 -0.657498
usemtl TubeMaterial
s off
f 109/14/157 110/14/157 106/14/157
f 110/14/158 111/14/158 107/14/158
f 112/14/159 108/14/159 107/14/159
f 109/14/160 105/14/160 108/14/160
f 105/14/161 106/14/161 107/14/161
f 112/14/162 111/14/162 110/14/162
f 105/14/163 109/14/163 106/14/163
f 106/14/164 110/14/164 107/14/164
f 111/14/165 112/14/165 107/14/165
f 112/14/166 109/14/166 108/14/166
f 108/14/167 105/14/167 107/14/167
f 109/14/168 112/14/168 110/14/168
g WallBoundingBox.258_Circle.263
v -49.634289 -200.378098 60.485371
v -49.079002 -200.132324 60.638206
v -49.267799 -199.574081 60.426472
v -49.823086 -199.819855 60.273636
v -49.435600 -200.534882 59.916584
v -48.882320 -200.287857 60.074589
v -49.071846 -199.729156 59.864750
v -49.625126 -199.976181 59.706741
vt 0.000000 0.000000
vn 0.297159 -0.888772 0.348972
vn 0.899844 0.383397 0.208055
vn -0.297338 0.888729 -0.348927
vn -0.899715 -0.383405 -0.208601
vn -0.350316 0.226258 0.908893
vn 0.357339 -0.219717 -0.907763
vn 0.297348 -0.888753 0.348858
vn 0.899839 0.383296 0.208264
vn -0.297127 0.888771 -0.349001
vn -0.899712 -0.383496 -0.208446
vn -0.350320 0.226260 0.908891
vn 0.357347 -0.219729 -0.907757
usemtl TubeMaterial
s off
f 117/15/169 118/15/169 114/15/169
f 118/15/170 119/15/170 115/15/170
f 120/15/171 116/15/171 115/15/171
f 117/15/172 113/15/172 116/15/172
f 114/15/173 115/15/173 116/15/173
f 119/15/174 118/15/174 117/15/174
f 113/15/175 117/15/175 114/15/175
f 114/15/176 118/15/176 115/15/176
f 119/15/177 120/15/177 115/15/177
f 120/15/178 117/15/178 116/15/178
f 113/15/179 114/15/179 116/15/179
f 120/15/180 119/15/180 117/15/180
g WallBoundingBox.257_Circle.262
v -56.347839 -186.970642 92.812218
v -55.746422 -186.802383 92.766396
v -55.915485 -186.280106 92.465149
v -56.516899 -186.448364 92.510971
v -56.300831 -187.266678 92.266106
v -55.699593 -187.097214 92.222481
v -55.868752 -186.574280 91.922432
v -56.469990 -186.743729 91.966049
vt 0.000000 0.000000
vn 0.270341 -0.836452 0.476723
vn 0.959788 0.273020 -0.065320
vn -0.270331 0.836494 -0.476654
vn -0.959802 -0.272963 0.065356
vn -0.068218 0.481809 0.873617
vn 0.071496 -0.478894 -0.874956
vn 0.270346 -0.836458 0.476708
vn 0.959802 0.272964 -0.065354
vn -0.270346 0.836452 -0.476719
vn -0.959791 -0.273008 0.065331
vn -0.068255 0.481803 0.873617
vn 0.071525 -0.478900 -0.874951
usemtl TubeMaterial
s off
f 126/16/181 122/16/181 121/16/181
f 127/16/182 123/16/182 122/16/182
f 127/16/183 128/16/183 124/16/183
f 128/16/184 125/16/184 121/16/184
f 121/16/185 122/16/185 123/16/185
f 127/16/186 126/16/186 125/16/186
f 125/16/187 126/16/187 121/16/187
f 126/16/188 127/16/188 122/16/188
f 123/16/189 127/16/189 124/16/189
f 124/16/190 128/16/190 121/16/190
f 124/16/191 121/16/191 123/16/191
f 128/16/192 127/16/192 125/16/192
g WallBoundingBox.256_Circle.261
v -20.003248 -67.875198 176.038223
v -19.565212 -68.186340 175.716644
v -19.901892 -68.119080 175.192963
v -20.339928 -67.807930 175.514557
v -20.291214 -68.411652 176.131729
v -19.851490 -68.719704 175.809464
v -20.186298 -68.649010 175.285049
v -20.626022 -68.340958 175.607315
vt 0.000000 0.000000
vn 0.522749 -0.134101 0.841873
vn 0.712460 -0.472532 -0.518763
vn -0.522880 0.134184 -0.841779
vn -0.712417 0.472803 0.518574
vn 0.470703 0.861138 -0.192040
vn -0.470110 -0.863268 0.183755
vn 0.523011 -0.134029 0.841722
vn 0.712499 -0.472671 -0.518583
vn -0.522696 0.134242 -0.841884
vn -0.712408 0.472646 0.518730
vn 0.470720 0.861141 -0.191989
vn -0.470096 -0.863276 0.183753
usemtl TubeMaterial
s off
f 134/17/193 130/17/193 129/17/193
f 135/17/194 131/17/194 130/17/194
f 135/17/195 136/17/195 132/17/195
f 136/17/196 133/17/196 129/17/196
f 130/17/197 131/17/197 132/17/197
f 135/17/198 134/17/198 133/17/198
f 133/17/199 134/17/199 129/17/199
f 134/17/200 135/17/200 130/17/200
f 131/17/201 135/17/201 132/17/201
f 132/17/202 136/17/202 129/17/202
f 129/17/203 130/17/203 132/17/203
f 136/17/204 135/17/204 133/17/204
g WallBoundingBox.255_Circle.260
v 0.916693 -25.782404 161.496536
v 1.354280 -26.090574 161.171478
v 0.976589 -26.100166 160.672119
v 0.539002 -25.791994 160.997162
v 0.675895 -26.326927 161.689651
v 1.113332 -26.635437 161.364716
v 0.735625 -26.645065 160.865372
v 0.298188 -26.336555 161.190292
vt 0.000000 0.000000
vn 0.603436 0.015901 0.797253
vn 0.698486 -0.492885 -0.518826
vn -0.603399 -0.015911 -0.797280
vn -0.698484 0.492889 0.518826
vn 0.384530 0.870375 -0.307545
vn -0.384902 -0.870076 0.307925
vn 0.603425 0.015899 0.797261
vn 0.698490 -0.492883 -0.518823
vn -0.603435 -0.015914 -0.797253
vn -0.698505 0.492874 0.518812
vn 0.384499 0.870389 -0.307544
vn -0.384935 -0.870065 0.307915
usemtl TubeMaterial
s off
f 141/18/205 142/18/205 138/18/205
f 142/18/206 143/18/206 139/18/206
f 144/18/207 140/18/207 139/18/207
f 141/18/208 137/18/208 140/18/208
f 137/18/209 138/18/209 139/18/209
f 144/18/210 143/18/210 142/18/210
f 137/18/211 141/18/211 138/18/211
f 138/18/212 142/18/212 139/18/212
f 143/18/213 144/18/213 139/18/213
f 144/18/214 141/18/214 140/18/214
f 140/18/215 137/18/215 139/18/215
f 141/18/216 144/18/216 142/18/216
g WallBoundingBox.254_Circle.259
v 26.459286 29.811678 145.347610
v 26.902613 29.516563 145.018250
v 26.565697 29.593264 144.496033
v 26.122372 29.888376 144.825394
v 26.171309 29.258808 145.455093
v 26.614662 28.963749 145.125717
v 26.276865 29.038757 144.603821
v 25.833511 29.333817 144.933197
vt 0.000000 0.000000
vn 0.539782 -0.119164 0.833328
vn 0.708093 -0.471077 -0.526014
vn -0.539803 0.119172 -0.833313
vn -0.708091 0.471081 0.526013
vn 0.457464 0.873434 -0.166852
vn -0.455730 -0.873854 0.169376
vn 0.539772 -0.119159 0.833335
vn 0.708095 -0.471077 -0.526011
vn -0.539756 0.119175 -0.833344
vn -0.708078 0.471088 0.526024
vn 0.457456 0.873438 -0.166857
vn -0.455728 -0.873855 0.169379
usemtl TubeMaterial
s off
f 150/19/217 146/19/217 145/19/217
f 150/19/218 151/19/218 147/19/218
f 151/19/219 152/19/219 148/19/219
f 149/19/220 145/19/220 148/19/220
f 145/19/221 146/19/221 147/19/221
f 151/19/222 150/19/222 149/19/222
f 149/19/223 150/19/223 145/19/223
f 146/19/224 150/19/224 147/19/224
f 147/19/225 151/19/225 148/19/225
f 152/19/226 149/19/226 148/19/226
f 148/19/227 145/19/227 147/19/227
f 152/19/228 151/19/228 149/19/228
g WallBoundingBox.253_Circle.258
v 141.880951 119.182304 199.628143
v 142.255981 118.836861 199.264633
v 142.444183 119.354546 198.966827
v 142.069153 119.699989 199.330322
v 141.415024 119.113861 199.212204
v 141.790192 118.768433 198.848831
v 141.977982 119.286057 198.550659
v 141.602814 119.631485 198.914032
vt 0.000000 0.000000
vn -0.301902 -0.826953 0.474346
vn 0.599061 -0.551674 -0.580329
vn 0.301939 0.826922 -0.474376
vn -0.599095 0.551653 0.580314
vn 0.742318 0.110373 0.660895
vn -0.742387 -0.111253 -0.660669
vn -0.301991 -0.826937 0.474317
vn 0.599132 -0.551610 -0.580317
vn 0.301938 0.826939 -0.474347
vn -0.599087 0.551621 0.580352
vn 0.742231 0.110379 0.660991
vn -0.742353 -0.111250 -0.660708
usemtl TubeMaterial
s off
f 158/20/229 154/20/229 153/20/229
f 159/20/230 155/20/230 154/20/230
f 159/20/231 160/20/231 156/20/231
f 160/20/232 157/20/232 153/20/232
f 154/20/233 155/20/233 156/20/233
f 160/20/234 159/20/234 158/20/234
f 157/20/235 158/20/235 153/20/235
f 158/20/236 159/20/236 154/20/236
f 155/20/237 159/20/237 156/20/237
f 156/20/238 160/20/238 153/20/238
f 153/20/239 154/20/239 156/20/239
f 157/20/240 160/20/240 158/20/240
g WallBoundingBox.252_Circle.257
v 209.076523 125.545830 259.463165
v 209.429321 125.198364 259.079895
v 209.649658 125.719032 258.810699
v 209.296860 126.066498 259.193970
v 208.607605 125.528389 259.046753
v 208.960602 125.180931 258.663635
v 209.180664 125.701584 258.394196
v 208.827667 126.049042 258.777313
vt 0.000000 0.000000
vn -0.351297 -0.831479 0.430388
vn 0.563885 -0.554868 -0.611683
vn 0.351249 0.831501 -0.430384
vn -0.563844 0.554891 0.611699
vn 0.747501 0.026812 0.663719
vn -0.747435 -0.027553 -0.663764
vn -0.351348 -0.831427 0.430445
vn 0.563816 -0.554889 -0.611727
vn 0.351341 0.831459 -0.430390
vn -0.563825 0.554877 0.611729
vn 0.747488 0.026852 0.663732
vn -0.747478 -0.027571 -0.663714
usemtl TubeMaterial
s off
f 166/21/241 162/21/241 161/21/241
f 166/21/242 167/21/242 163/21/242
f 167/21/243 168/21/243 164/21/243
f 165/21/244 161/21/244 164/21/244
f 162/21/245 163/21/245 164/21/245
f 168/21/246 167/21/246 166/21/246
f 165/21/247 166/21/247 161/21/247
f 162/21/248 166/21/248 163/21/248
f 163/21/249 167/21/249 164/21/249
f 168/21/250 165/21/250 164/21/250
f 161/21/251 162/21/251 164/21/251
f 165/21/252 168/21/252 166/21/252
g WallBoundingBox.251_Circle.256
v 290.113586 120.370682 331.071503
v 290.420959 120.026649 330.648102
v 290.704834 120.542519 330.435028
v 290.397491 120.886551 330.858429
v 289.645782 120.459290 330.660645
v 289.953522 120.115189 330.237549
v 290.236908 120.631149 330.024017
v 289.929169 120.975250 330.447113
vt 0.000000 0.000000
vn -0.454168 -0.823704 0.339475
vn 0.490239 -0.549369 -0.676654
vn 0.454190 0.823650 -0.339578
vn -0.490304 0.549232 0.676717
vn 0.743992 -0.139481 0.653469
vn -0.744080 0.138185 -0.653643
vn -0.454268 -0.823607 0.339577
vn 0.490316 -0.549260 -0.676686
vn 0.454260 0.823662 -0.339455
vn -0.490220 0.549359 0.676675
vn 0.744007 -0.139540 0.653438
vn -0.744129 0.138144 -0.653596
usemtl TubeMaterial
s off
f 173/22/253 174/22/253 170/22/253
f 175/22/254 171/22/254 170/22/254
f 176/22/255 172/22/255 171/22/255
f 176/22/256 173/22/256 169/22/256
f 170/22/257 171/22/257 172/22/257
f 175/22/258 174/22/258 173/22/258
f 169/22/259 173/22/259 170/22/259
f 174/22/260 175/22/260 170/22/260
f 175/22/261 176/22/261 171/22/261
f 172/22/262 176/22/262 169/22/262
f 169/22/263 170/22/263 172/22/263
f 176/22/264 175/22/264 173/22/264
g WallBoundingBox.250_Circle.255
v 386.211182 75.763206 414.326721
v 386.400269 75.480217 413.801086
v 386.849548 75.910728 413.730957
v 386.660461 76.193718 414.256561
v 385.814453 76.123222 413.990631
v 386.004272 75.839569 413.465637
v 386.452515 76.271011 413.394623
v 386.262695 76.554657 413.919617
vt 0.000000 0.000000
vn -0.718000 -0.687041 0.111580
vn 0.301760 -0.451534 -0.839677
vn 0.717988 0.687049 -0.111613
vn -0.301547 0.451588 0.839725
vn 0.627663 -0.568473 0.531863
vn -0.629104 0.565758 -0.533054
vn -0.717912 -0.687126 0.111625
vn 0.301574 -0.451512 -0.839755
vn 0.717996 0.687040 -0.111619
vn -0.301463 0.451579 0.839760
vn 0.627670 -0.568437 0.531893
vn -0.629034 0.565757 -0.533136
usemtl TubeMaterial
s off
f 181/23/265 182/23/265 178/23/265
f 183/23/266 179/23/266 178/23/266
f 184/23/267 180/23/267 179/23/267
f 184/23/268 181/23/268 177/23/268
f 178/23/269 179/23/269 180/23/269
f 184/23/270 183/23/270 182/23/270
f 177/23/271 181/23/271 178/23/271
f 182/23/272 183/23/272 178/23/272
f 183/23/273 184/23/273 179/23/273
f 180/23/274 184/23/274 177/23/274
f 177/23/275 178/23/275 180/23/275
f 181/23/276 184/23/276 182/23/276
g WallBoundingBox.249_Circle.254
v 433.995819 23.688194 454.432007
v 434.157104 23.433868 453.883026
v 434.645233 23.824306 453.845551
v 434.483917 24.078630 454.394562
v 433.638214 24.109625 454.133240
v 433.799744 23.855032 453.584442
v 434.287567 24.245844 453.546722
v 434.126007 24.500437 454.095520
vt 0.000000 0.000000
vn -0.781276 -0.621450 0.058377
vn 0.256317 -0.404698 -0.877793
vn 0.781312 0.621407 -0.058356
vn -0.256447 0.404684 0.877762
vn 0.570978 -0.668016 0.477220
vn -0.571462 0.667231 -0.477737
vn -0.781240 -0.621493 0.058402
vn 0.256441 -0.404764 -0.877727
vn 0.781186 0.621567 -0.058340
vn -0.256374 0.404789 0.877735
vn 0.570916 -0.668053 0.477242
vn -0.571529 0.667163 -0.477753
usemtl TubeMaterial
s off
f 189/24/277 190/24/277 186/24/277
f 191/24/278 187/24/278 186/24/278
f 192/24/279 188/24/279 187/24/279
f 192/24/280 189/24/280 185/24/280
f 185/24/281 186/24/281 187/24/281
f 191/24/282 190/24/282 189/24/282
f 185/24/283 189/24/283 186/24/283
f 190/24/284 191/24/284 186/24/284
f 191/24/285 192/24/285 187/24/285
f 188/24/286 192/24/286 185/24/286
f 188/24/287 185/24/287 187/24/287
f 192/24/288 191/24/288 189/24/288
g WallBoundingBox.248_Circle.253
v 456.276611 -4.919471 472.945404
v 456.416077 -5.145349 472.378296
v 456.934723 -4.794701 472.366180
v 456.795258 -4.568822 472.933319
v 455.952454 -4.448890 472.678436
v 456.092377 -4.675421 472.111694
v 456.610413 -4.323859 472.099060
v 456.470490 -4.097328 472.665833
vt 0.000000 0.000000
vn -0.828446 -0.559739 0.019207
vn 0.222652 -0.360567 -0.905769
vn 0.828464 0.559713 -0.019207
vn -0.222544 0.360514 0.905817
vn 0.514178 -0.745858 0.423458
vn -0.515419 0.744295 -0.424698
vn -0.828457 -0.559722 0.019218
vn 0.222686 -0.360569 -0.905760
vn 0.828447 0.559739 -0.019195
vn -0.222726 0.360542 0.905761
vn 0.514066 -0.745879 0.423557
vn -0.515390 0.744309 -0.424708
usemtl TubeMaterial
s off
f 197/25/289 198/25/289 194/25/289
f 199/25/290 195/25/290 194/25/290
f 200/25/291 196/25/291 195/25/291
f 200/25/292 197/25/292 193/25/292
f 194/25/293 195/25/293 196/25/293
f 199/25/294 198/25/294 197/25/294
f 193/25/295 197/25/295 194/25/295
f 198/25/296 199/25/296 194/25/296
f 199/25/297 200/25/297 195/25/297
f 196/25/298 200/25/298 193/25/298
f 193/25/299 194/25/299 196/25/299
f 200/25/300 199/25/300 197/25/300
g WallBoundingBox.247_Circle.252
v 486.024384 -66.400124 496.659424
v 486.109314 -66.510551 496.048920
v 486.704254 -66.321373 496.097473
v 486.619324 -66.210953 496.707977
v 485.844604 -65.808388 496.525604
v 485.929901 -65.920013 495.915375
v 486.524353 -65.729164 495.963562
v 486.439056 -65.617538 496.573792
vt 0.000000 0.000000
vn -0.949050 -0.305641 -0.076736
vn 0.136370 -0.178889 -0.974373
vn 0.949037 0.305684 0.076728
vn -0.136373 0.178920 0.974367
vn 0.280853 -0.936829 0.208500
vn -0.283295 0.935592 -0.210739
vn -0.949056 -0.305620 -0.076737
vn 0.136381 -0.178908 -0.974367
vn 0.949031 0.305697 0.076744
vn -0.136476 0.178871 0.974361
vn 0.280903 -0.936810 0.208517
vn -0.283322 0.935584 -0.210740
usemtl TubeMaterial
s off
f 206/26/301 202/26/301 201/26/301
f 206/26/302 207/26/302 203/26/302
f 207/26/303 208/26/303 204/26/303
f 205/26/304 201/26/304 204/26/304
f 201/26/305 202/26/305 203/26/305
f 208/26/306 207/26/306 206/26/306
f 205/26/307 206/26/307 201/26/307
f 202/26/308 206/26/308 203/26/308
f 203/26/309 207/26/309 204/26/309
f 208/26/310 205/26/310 204/26/310
f 204/26/311 201/26/311 203/26/311
f 205/26/312 208/26/312 206/26/312
g WallBoundingBox.246_Circle.251
v 496.306702 -123.975304 503.290222
v 496.373230 -123.986626 502.667694
v 496.993927 -123.936073 502.733093
v 496.927429 -123.924751 503.355621
v 496.254211 -123.347069 503.270813
v 496.320801 -123.359268 502.648315
v 496.941406 -123.307487 502.713684
v 496.874817 -123.295288 503.336182
vt 0.000000 0.000000
vn -0.990811 -0.086061 -0.104340
vn 0.106570 -0.021806 -0.994066
vn 0.990825 0.085924 0.104317
vn -0.106545 0.021809 0.994069
vn 0.078373 -0.996571 0.026522
vn -0.080168 0.996386 -0.028072
vn -0.990828 -0.085917 -0.104294
vn 0.106323 -0.021783 -0.994093
vn 0.990821 0.086031 0.104274
vn -0.106426 0.021806 0.994081
vn 0.078365 -0.996573 0.026498
vn -0.080175 0.996384 -0.028136
usemtl TubeMaterial
s off
f 214/27/313 210/27/313 209/27/313
f 214/27/314 215/27/314 211/27/314
f 215/27/315 216/27/315 212/27/315
f 213/27/316 209/27/316 212/27/316
f 210/27/317 211/27/317 212/27/317
f 215/27/318 214/27/318 213/27/318
f 213/27/319 214/27/319 209/27/319
f 210/27/320 214/27/320 211/27/320
f 211/27/321 215/27/321 212/27/321
f 216/27/322 213/27/322 212/27/322
f 209/27/323 210/27/323 212/27/323
f 216/27/324 215/27/324 213/27/324
g WallBoundingBox.245_Circle.250
v 493.665436 -209.646820 497.370239
v 493.741272 -209.521591 496.761414
v 494.347504 -209.671921 496.806000
v 494.271667 -209.797150 497.414825
v 493.823578 -209.046143 497.526794
v 493.898834 -208.923416 496.917389
v 494.505951 -209.069870 496.962860
v 494.430695 -209.192596 497.572266
vt 0.000000 0.000000
vn -0.960765 0.269804 -0.064308
vn 0.125539 0.219114 -0.967589
vn 0.960848 -0.269521 0.064261
vn -0.125323 -0.219201 0.967598
vn -0.219162 -0.949932 -0.222703
vn 0.213354 0.952322 0.218091
vn -0.960805 0.269689 -0.064207
vn 0.125381 0.219264 -0.967576
vn 0.960792 -0.269696 0.064358
vn -0.125482 -0.218970 0.967629
vn -0.219172 -0.949932 -0.222694
vn 0.213370 0.952304 0.218152
usemtl TubeMaterial
s off
f 221/28/325 222/28/325 218/28/325
f 223/28/326 219/28/326 218/28/326
f 224/28/327 220/28/327 219/28/327
f 224/28/328 221/28/328 217/28/328
f 217/28/329 218/28/329 219/28/329
f 223/28/330 222/28/330 221/28/330
f 217/28/331 221/28/331 218/28/331
f 222/28/332 223/28/332 218/28/332
f 223/28/333 224/28/333 219/28/333
f 220/28/334 224/28/334 217/28/334
f 220/28/335 217/28/335 219/28/335
f 224/28/336 223/28/336 221/28/336
g WallBoundingBox.244_Circle.249
v 435.732086 -276.043152 446.958984
v 435.966675 -275.701263 446.489746
v 436.334015 -276.180603 446.324158
v 436.099396 -276.522491 446.793365
v 436.186829 -275.835266 447.343353
v 436.420837 -275.493652 446.873596
v 436.789032 -275.972565 446.708771
v 436.555023 -276.314178 447.178497
vt 0.000000 0.000000
vn -0.579746 0.768713 0.270140
vn 0.379366 0.548235 -0.745332
vn 0.579815 -0.768639 -0.270200
vn -0.379398 -0.548191 0.745348
vn -0.717943 -0.340605 -0.607080
vn 0.717329 0.342710 0.606621
vn -0.579808 0.768621 0.270266
vn 0.379411 0.548167 -0.745359
vn 0.579761 -0.768715 -0.270101
vn -0.379319 -0.548213 0.745372
vn -0.717964 -0.340429 -0.607153
vn 0.717324 0.342784 0.606585
usemtl TubeMaterial
s off
f 229/29/337 230/29/337 226/29/337
f 231/29/338 227/29/338 226/29/338
f 232/29/339 228/29/339 227/29/339
f 232/29/340 229/29/340 225/29/340
f 225/29/341 226/29/341 227/29/341
f 232/29/342 231/29/342 230/29/342
f 225/29/343 229/29/343 226/29/343
f 230/29/344 231/29/344 226/29/344
f 231/29/345 232/29/345 227/29/345
f 228/29/346 232/29/346 225/29/346
f 228/29/347 225/29/347 227/29/347
f 229/29/348 232/29/348 230/29/348
g WallBoundingBox.243_Circle.248
v 300.907654 -306.475189 331.442566
v 301.216339 -306.112152 331.036346
v 301.498230 -306.618134 330.798401
v 301.189545 -306.981171 331.204590
v 301.373535 -306.409973 331.855103
v 301.682190 -306.046936 331.448853
v 301.963989 -306.552948 331.210815
v 301.655334 -306.915985 331.617065
vt 0.000000 0.000000
vn -0.449829 0.808117 0.380263
vn 0.493175 0.579773 -0.648568
vn 0.449860 -0.808105 -0.380253
vn -0.493165 -0.579707 0.648636
vn -0.744541 -0.104679 -0.659319
vn 0.744637 0.104598 0.659223
vn -0.449944 0.808044 0.380283
vn 0.493166 0.579691 -0.648649
vn 0.449876 -0.808047 -0.380357
vn -0.493171 -0.579827 0.648524
vn -0.744530 -0.104624 -0.659339
vn 0.744664 0.104563 0.659198
usemtl TubeMaterial
s off
f 237/30/349 238/30/349 234/30/349
f 239/30/350 235/30/350 234/30/350
f 240/30/351 236/30/351 235/30/351
f 240/30/352 237/30/352 233/30/352
f 234/30/353 235/30/353 236/30/353
f 240/30/354 239/30/354 238/30/354
f 233/30/355 237/30/355 234/30/355
f 238/30/356 239/30/356 234/30/356
f 239/30/357 240/30/357 235/30/357
f 236/30/358 240/30/358 233/30/358
f 233/30/359 234/30/359 236/30/359
f 237/30/360 240/30/360 238/30/360
g WallBoundingBox.242_Circle.247
v 251.471832 -314.911072 286.413361
v 251.776581 -314.548859 286.003448
v 252.089691 -315.049133 285.794159
v 251.784943 -315.411346 286.204102
v 251.920654 -314.813171 286.835541
v 252.225525 -314.450928 286.425720
v 252.538132 -314.951294 286.215973
v 252.233276 -315.313538 286.625793
vt 0.000000 0.000000
vn -0.494113 0.800217 0.339860
vn 0.488161 0.578772 -0.653239
vn 0.494120 -0.800243 -0.339788
vn -0.488123 -0.578819 0.653226
vn -0.716359 -0.164652 -0.678027
vn 0.716719 0.163690 0.677879
vn -0.494143 0.800269 0.339694
vn 0.488188 0.578755 -0.653234
vn 0.494195 -0.800219 -0.339737
vn -0.488233 -0.578794 0.653167
vn -0.716316 -0.164763 -0.678044
vn 0.716747 0.163683 0.677850
usemtl TubeMaterial
s off
f 245/31/361 246/31/361 242/31/361
f 247/31/362 243/31/362 242/31/362
f 248/31/363 244/31/363 243/31/363
f 248/31/364 245/31/364 241/31/364
f 241/31/365 242/31/365 243/31/365
f 247/31/366 246/31/366 245/31/366
f 241/31/367 245/31/367 242/31/367
f 246/31/368 247/31/368 242/31/368
f 247/31/369 248/31/369 243/31/369
f 244/31/370 248/31/370 241/31/370
f 244/31/371 241/31/371 243/31/371
f 248/31/372 247/31/372 245/31/372
g WallBoundingBox.241_Circle.246
v 200.495651 -340.869202 231.989212
v 200.735245 -340.554230 231.503937
v 201.246857 -340.914825 231.522476
v 201.007263 -341.229797 232.007751
v 200.759232 -340.485687 232.370987
v 200.999893 -340.169128 231.887253
v 201.508469 -340.534180 231.901398
v 201.267807 -340.850739 232.385117
vt 0.000000 0.000000
vn -0.812834 0.582019 -0.023545
vn 0.384044 0.505232 -0.772820
vn 0.812811 -0.582054 0.023469
vn -0.384145 -0.505271 0.772744
vn -0.431362 -0.644466 -0.631341
vn 0.438945 0.636109 0.634581
vn -0.812828 0.582027 -0.023553
vn 0.384172 0.505274 -0.772729
vn 0.812817 -0.582044 0.023530
vn -0.384135 -0.505241 0.772769
vn -0.431385 -0.644568 -0.631220
vn 0.438925 0.636052 0.634651
usemtl TubeMaterial
s off
f 253/32/373 254/32/373 250/32/373
f 255/32/374 251/32/374 250/32/374
f 256/32/375 252/32/375 251/32/375
f 256/32/376 253/32/376 249/32/376
f 249/32/377 250/32/377 251/32/377
f 256/32/378 255/32/378 254/32/378
f 249/32/379 253/32/379 250/32/379
f 254/32/380 255/32/380 250/32/380
f 255/32/381 256/32/381 251/32/381
f 252/32/382 256/32/382 249/32/382
f 252/32/383 249/32/383 251/32/383
f 253/32/384 256/32/384 254/32/384
g WallBoundingBox.240_Circle.245
v 224.497635 -564.659363 6.824553
v 224.697266 -564.145142 6.528219
v 225.287506 -564.349976 6.570415
v 225.087860 -564.864197 6.866751
v 224.562820 -564.363953 7.382301
v 224.762390 -563.850037 7.085375
v 225.352875 -564.053650 7.129822
v 225.153290 -564.567627 7.426748
vt 0.000000 0.000000
vn -0.942194 0.328897 -0.064011
vn 0.318901 0.821623 -0.472480
vn 0.942207 -0.328854 0.064034
vn -0.318957 -0.821654 0.472389
vn -0.099473 -0.467594 -0.878329
vn 0.095910 0.469679 0.877612
vn -0.942212 0.328829 -0.064099
vn 0.318901 0.821639 -0.472452
vn 0.942198 -0.328878 0.064053
vn -0.318959 -0.821657 0.472382
vn -0.099460 -0.467546 -0.878356
vn 0.095980 0.469789 0.877546
usemtl TubeMaterial
s off
f 261/33/385 262/33/385 258/33/385
f 263/33/386 259/33/386 258/33/386
f 264/33/387 260/33/387 259/33/387
f 264/33/388 261/33/388 257/33/388
f 258/33/389 259/33/389 260/33/389
f 264/33/390 263/33/390 262/33/390
f 257/33/391 261/33/391 258/33/391
f 262/33/392 263/33/392 258/33/392
f 263/33/393 264/33/393 259/33/393
f 260/33/394 264/33/394 257/33/394
f 257/33/395 258/33/395 260/33/395
f 261/33/396 264/33/396 262/33/396
g WallBoundingBox.239_Circle.244
v 179.559189 -582.988831 -122.540642
v 179.836166 -582.431458 -122.609558
v 180.337021 -582.711365 -122.860367
v 180.060043 -583.268738 -122.791443
v 179.813080 -583.043579 -121.968224
v 180.089935 -582.486206 -122.037399
v 180.591064 -582.766174 -122.287590
v 180.314209 -583.323547 -122.218414
vt 0.000000 0.000000
vn -0.800961 0.447227 0.398057
vn 0.441931 0.890181 -0.110793
vn 0.800942 -0.447232 -0.398090
vn -0.441958 -0.890138 0.111027
vn -0.405697 0.089132 -0.909651
vn 0.405078 -0.088242 0.910014
vn -0.801022 0.447237 0.397923
vn 0.441966 0.890157 -0.110843
vn 0.800909 -0.447291 -0.398091
vn -0.441944 -0.890180 0.110750
vn -0.405624 0.089101 -0.909687
vn 0.404987 -0.088250 0.910053
usemtl TubeMaterial
s off
f 270/34/397 266/34/397 265/34/397
f 270/34/398 271/34/398 267/34/398
f 271/34/399 272/34/399 268/34/399
f 269/34/400 265/34/400 268/34/400
f 265/34/401 266/34/401 267/34/401
f 272/34/402 271/34/402 270/34/402
f 269/34/403 270/34/403 265/34/403
f 266/34/404 270/34/404 267/34/404
f 267/34/405 271/34/405 268/34/405
f 272/34/406 269/34/406 268/34/406
f 268/34/407 265/34/407 267/34/407
f 269/34/408 272/34/408 270/34/408
g WallBoundingBox.238_Circle.243
v 120.319527 -566.200989 -227.588470
v 120.584625 -565.640137 -227.673508
v 121.017845 -565.900879 -228.042877
v 120.752747 -566.461792 -227.957840
v 120.685555 -566.299133 -227.087112
v 120.950912 -565.738342 -227.171783
v 121.384636 -565.999207 -227.540466
v 121.119270 -566.560059 -227.455795
vt 0.000000 0.000000
vn -0.693311 0.416829 0.587854
vn 0.424269 0.895492 -0.134497
vn 0.693376 -0.416804 -0.587796
vn -0.424375 -0.895412 0.134693
vn -0.584900 0.155784 -0.796004
vn 0.583637 -0.155863 0.796916
vn -0.693314 0.416841 0.587843
vn 0.424293 0.895470 -0.134567
vn 0.693367 -0.416794 -0.587814
vn -0.424334 -0.895442 0.134630
vn -0.584855 0.155746 -0.796045
vn 0.583690 -0.155854 0.796878
usemtl TubeMaterial
s off
f 277/35/409 278/35/409 274/35/409
f 278/35/410 279/35/410 275/35/410
f 280/35/411 276/35/411 275/35/411
f 277/35/412 273/35/412 276/35/412
f 273/35/413 274/35/413 275/35/413
f 279/35/414 278/35/414 277/35/414
f 273/35/415 277/35/415 274/35/415
f 274/35/416 278/35/416 275/35/416
f 279/35/417 280/35/417 275/35/417
f 280/35/418 277/35/418 276/35/418
f 276/35/419 273/35/419 275/35/419
f 280/35/420 279/35/420 277/35/420
g WallBoundingBox.237_Circle.242
v 88.466652 -558.913025 -265.036102
v 88.697655 -558.344482 -265.160583
v 89.079994 -558.593689 -265.589325
v 88.848991 -559.162231 -265.464844
v 88.907059 -558.995789 -264.594299
v 89.138680 -558.427368 -264.718170
v 89.521835 -558.676758 -265.146088
v 89.290215 -559.245178 -265.022217
vt 0.000000 0.000000
vn -0.611243 0.398150 0.684002
vn 0.369530 0.907827 -0.198236
vn 0.611270 -0.398098 -0.684008
