# Blender v2.70 (sub 0) OBJ File: 'Astec_2.blend'
# www.blender.org
mtllib astecWallBoundingBoxes.mtl
g Tube.103_Circle.105
v -500.661072 -16.341038 274.989807
v -500.351440 -17.640648 275.090149
v -499.503448 -17.519930 274.053284
v -499.812653 -16.220287 273.952423
v -501.649719 -16.642704 274.137207
v -501.340210 -17.942318 274.237640
v -500.494019 -17.821743 273.203125
v -500.803162 -16.522097 273.102142
vt 0.500000 0.500000
vn -0.634044 -0.091784 0.767831
vn 0.230603 -0.970101 0.075667
vn 0.632568 0.090757 -0.769169
vn -0.230743 0.970067 -0.075681
vn 0.741128 0.225464 0.632372
vn -0.741119 -0.225343 -0.632427
vn -0.634103 -0.091669 0.767796
vn 0.230727 -0.970072 0.075664
vn 0.632565 0.090784 -0.769168
vn -0.230619 0.970096 -0.075692
vn 0.741132 0.225397 0.632392
vn -0.741085 -0.225458 -0.632426
usemtl WallBox
s off
f 6/1/1 2/1/1 1/1/1
f 7/1/2 3/1/2 2/1/2
f 7/1/3 8/1/3 4/1/3
f 8/1/4 5/1/4 1/1/4
f 1/1/5 2/1/5 3/1/5
f 7/1/6 6/1/6 5/1/6
f 5/1/7 6/1/7 1/1/7
f 6/1/8 7/1/8 2/1/8
f 3/1/9 7/1/9 4/1/9
f 4/1/10 8/1/10 1/1/10
f 4/1/11 1/1/11 3/1/11
f 8/1/12 7/1/12 5/1/12
g Tube.102_Circle.104
v -383.535126 -12.785615 93.194893
v -383.237244 -14.087320 93.303299
v -382.494568 -14.009667 92.195961
v -382.792328 -12.708053 92.086876
v -384.609528 -13.093217 92.455788
v -384.311859 -14.394929 92.564468
v -383.567719 -14.317155 91.455391
v -383.865570 -13.015540 91.346359
vt 0.500000 0.500000
vn -0.554326 -0.057700 0.830297
vn 0.222414 -0.971573 0.081099
vn 0.555731 0.057642 -0.829361
vn -0.222392 0.971580 -0.081077
vn 0.800806 0.229540 0.553192
vn -0.800700 -0.229558 -0.553338
vn -0.554602 -0.057531 0.830125
vn 0.222402 -0.971582 0.081029
vn 0.555771 0.057712 -0.829329
vn -0.222397 0.971577 -0.081107
vn 0.800985 0.229350 0.553012
vn -0.800909 -0.229347 -0.553122
usemtl WallBox
s off
f 14/2/13 10/2/13 9/2/13
f 14/2/14 15/2/14 11/2/14
f 16/2/15 12/2/15 11/2/15
f 13/2/16 9/2/16 12/2/16
f 10/2/17 11/2/17 12/2/17
f 16/2/18 15/2/18 14/2/18
f 13/2/19 14/2/19 9/2/19
f 10/2/20 14/2/20 11/2/20
f 15/2/21 16/2/21 11/2/21
f 16/2/22 13/2/22 12/2/22
f 9/2/23 10/2/23 12/2/23
f 13/2/24 16/2/24 14/2/24
g Tube.101_Circle.103
v -384.065491 -15.814453 92.806290
v -384.985931 -16.533783 92.150063
v -384.211945 -16.523573 91.056976
v -383.292236 -15.804358 91.713890
v -384.657898 -14.684295 92.397972
v -385.578552 -15.403630 91.742020
v -384.803833 -15.393320 90.648361
v -383.884216 -14.674106 91.305344
vt 0.500000 0.500000
vn -0.576652 -0.007429 0.816956
vn -0.686066 -0.536827 -0.491051
vn 0.577416 0.007346 -0.816417
vn 0.686211 0.536961 0.490702
vn 0.441865 -0.843643 0.304994
vn -0.441855 0.843629 -0.305049
vn -0.576590 -0.007072 0.817003
vn -0.686102 -0.536991 -0.490821
vn 0.577505 0.007295 -0.816354
vn 0.686176 0.536848 0.490873
vn 0.441888 -0.843632 0.304992
vn -0.441854 0.843645 -0.305005
usemtl WallBox
s off
f 22/3/25 18/3/25 17/3/25
f 22/3/26 23/3/26 19/3/26
f 24/3/27 20/3/27 19/3/27
f 21/3/28 17/3/28 20/3/28
f 18/3/29 19/3/29 20/3/29
f 24/3/30 23/3/30 22/3/30
f 21/3/31 22/3/31 17/3/31
f 18/3/32 22/3/32 19/3/32
f 23/3/33 24/3/33 19/3/33
f 24/3/34 21/3/34 20/3/34
f 17/3/35 18/3/35 20/3/35
f 21/3/36 24/3/36 22/3/36
g Tube.100_Circle.102
v -343.643036 -8.866649 33.624931
v -342.618195 -9.275370 34.385273
v -341.791199 -9.140197 33.352448
v -342.812653 -8.731170 32.588112
v -343.885803 -10.135385 33.270237
v -342.861023 -10.544106 34.030586
v -342.031891 -10.408741 32.995247
v -343.053589 -9.999736 32.231190
vt 0.500000 0.500000
vn -0.618198 -0.099630 0.779682
vn 0.762355 -0.305337 0.570599
vn 0.621574 0.100525 -0.776879
vn -0.762309 0.305406 -0.570624
vn 0.179210 0.946771 0.267411
vn -0.179257 -0.946781 -0.267343
vn -0.618227 -0.099652 0.779657
vn 0.762409 -0.305393 0.570498
vn 0.621415 0.100895 -0.776958
vn -0.762294 0.305323 -0.570689
vn 0.179188 0.946825 0.267233
vn -0.179241 -0.946833 -0.267171
usemtl WallBox
s off
f 30/4/37 26/4/37 25/4/37
f 30/4/38 31/4/38 27/4/38
f 32/4/39 28/4/39 27/4/39
f 29/4/40 25/4/40 28/4/40
f 25/4/41 26/4/41 27/4/41
f 31/4/42 30/4/42 29/4/42
f 29/4/43 30/4/43 25/4/43
f 26/4/44 30/4/44 27/4/44
f 31/4/45 32/4/45 27/4/45
f 32/4/46 29/4/46 28/4/46
f 28/4/47 25/4/47 27/4/47
f 32/4/48 31/4/48 29/4/48
g Tube.099_Circle.101
v -342.384552 -13.490288 34.325367
v -343.195374 -14.200910 33.530579
v -342.284271 -14.131117 32.549885
v -341.476349 -13.420762 33.348179
v -342.946838 -12.356572 33.885841
v -343.757538 -13.067182 33.090881
v -342.845581 -12.997312 32.109196
v -342.038055 -12.286994 32.907955
vt 0.500000 0.500000
vn -0.676382 -0.050408 0.734824
vn -0.602073 -0.530140 -0.597043
vn 0.678556 0.051694 -0.732727
vn 0.601970 0.530096 0.597186
vn 0.418993 -0.846275 0.329033
vn -0.418991 0.846291 -0.328995
vn -0.676223 -0.050427 0.734969
vn -0.602070 -0.530111 -0.597071
vn 0.679026 0.051539 -0.732303
vn 0.601997 0.530080 0.597172
vn 0.418962 -0.846234 0.329179
vn -0.418968 0.846241 -0.329154
usemtl WallBox
s off
f 37/5/49 38/5/49 34/5/49
f 38/5/50 39/5/50 35/5/50
f 40/5/51 36/5/51 35/5/51
f 37/5/52 33/5/52 36/5/52
f 34/5/53 35/5/53 36/5/53
f 40/5/54 39/5/54 38/5/54
f 33/5/55 37/5/55 34/5/55
f 34/5/56 38/5/56 35/5/56
f 39/5/57 40/5/57 35/5/57
f 40/5/58 37/5/58 36/5/58
f 33/5/59 34/5/59 36/5/59
f 37/5/60 40/5/60 38/5/60
g Tube.098_Circle.100
v -200.989670 19.896526 -48.012253
v -201.500153 20.910194 -48.724018
v -200.255463 21.331381 -49.018562
v -199.743729 20.317703 -48.307526
v -200.989273 20.666180 -46.915939
v -201.499878 21.679787 -47.627666
v -200.259033 22.099924 -47.920948
v -199.746765 21.086447 -47.210033
vt 0.500000 0.500000
vn -0.924520 -0.311834 0.219140
vn -0.381674 0.756553 -0.530993
vn 0.924007 0.314388 -0.217650
vn 0.381591 -0.756586 0.531004
vn 0.000675 -0.574429 -0.818554
vn -0.000804 0.573995 0.818858
vn -0.924551 -0.311723 0.219168
vn -0.381655 0.756578 -0.530970
vn 0.924181 0.314285 -0.217060
vn 0.381586 -0.756594 0.530997
vn 0.000084 -0.574205 -0.818712
vn -0.000570 0.574453 0.818537
usemtl WallBox
s off
f 45/6/61 46/6/61 42/6/61
f 46/6/62 47/6/62 43/6/62
f 47/6/63 48/6/63 44/6/63
f 45/6/64 41/6/64 44/6/64
f 41/6/65 42/6/65 43/6/65
f 48/6/66 47/6/66 46/6/66
f 41/6/67 45/6/67 42/6/67
f 42/6/68 46/6/68 43/6/68
f 43/6/69 47/6/69 44/6/69
f 48/6/70 45/6/70 44/6/70
f 44/6/71 41/6/71 43/6/71
f 45/6/72 48/6/72 46/6/72
g Tube.097_Circle.099
v -202.056137 22.276970 -48.568020
v -202.324692 23.448147 -47.976048
v -201.111313 23.900713 -48.318752
v -200.838989 22.730509 -48.912029
v -201.556015 21.809343 -47.416557
v -201.824692 22.980463 -46.824554
v -200.612732 23.432934 -47.166557
v -200.339890 22.262930 -47.759953
vt 0.500000 0.500000
vn -0.905813 -0.337365 0.256296
vn -0.201570 0.874034 0.442079
vn 0.905399 0.340039 -0.254217
vn 0.200750 -0.874162 -0.442199
vn -0.372993 0.349043 -0.859677
vn 0.372920 -0.349046 0.859708
vn -0.905796 -0.337306 0.256434
vn -0.201074 0.874034 0.442306
vn 0.905636 0.339542 -0.254036
vn 0.201245 -0.874164 -0.441971
vn -0.373020 0.348998 -0.859684
vn 0.372932 -0.349026 0.859711
usemtl WallBox
s off
f 53/7/73 54/7/73 50/7/73
f 54/7/74 55/7/74 51/7/74
f 55/7/75 56/7/75 52/7/75
f 53/7/76 49/7/76 52/7/76
f 50/7/77 51/7/77 52/7/77
f 56/7/78 55/7/78 54/7/78
f 49/7/79 53/7/79 50/7/79
f 50/7/80 54/7/80 51/7/80
f 51/7/81 55/7/81 52/7/81
f 56/7/82 53/7/82 52/7/82
f 49/7/83 50/7/83 52/7/83
f 53/7/84 56/7/84 54/7/84
g Tube.096_Circle.098
v -139.334259 46.914448 -56.085644
v -139.226166 46.445648 -57.335945
v -138.016617 47.019493 -57.445652
v -138.126556 47.487381 -56.195087
v -139.905991 48.031849 -56.554028
v -139.797867 47.563072 -57.804340
v -138.589508 48.136337 -57.913887
v -138.699112 48.604378 -56.663361
vt 0.500000 0.500000
vn -0.900770 -0.426483 0.082004
vn 0.081222 -0.349637 -0.933358
vn 0.900355 0.427534 -0.081095
vn -0.081301 0.349618 0.933358
vn 0.427289 -0.833799 0.349576
vn -0.427274 0.833826 -0.349529
vn -0.900765 -0.426488 0.082039
vn 0.081267 -0.349663 -0.933344
vn 0.900230 0.427828 -0.080932
vn -0.081288 0.349626 0.933356
vn 0.427250 -0.833838 0.349530
vn -0.427230 0.833827 -0.349581
usemtl WallBox
s off
f 61/8/85 62/8/85 58/8/85
f 63/8/86 59/8/86 58/8/86
f 63/8/87 64/8/87 60/8/87
f 64/8/88 61/8/88 57/8/88
f 57/8/89 58/8/89 59/8/89
f 64/8/90 63/8/90 62/8/90
f 57/8/91 61/8/91 58/8/91
f 62/8/92 63/8/92 58/8/92
f 59/8/93 63/8/93 60/8/93
f 60/8/94 64/8/94 57/8/94
f 60/8/95 57/8/95 59/8/95
f 61/8/96 64/8/96 62/8/96
g Tube.095_Circle.097
v -103.525826 65.443062 -60.376591
v -103.356308 65.007812 -61.632332
v -102.164124 65.621262 -61.686775
v -102.335228 66.055656 -60.430885
v -104.118088 66.551445 -60.840775
v -103.948181 66.116402 -62.096554
v -102.756485 66.729591 -62.150951
v -102.927628 67.163956 -60.895058
vt 0.500000 0.500000
vn -0.888146 -0.457919 0.038825
vn 0.124844 -0.325769 -0.937171
vn 0.887764 0.458754 -0.037680
vn -0.124866 0.325759 0.937171
vn 0.441657 -0.827586 0.346468
vn -0.441649 0.827594 -0.346461
vn -0.887955 -0.458306 0.038631
vn 0.124841 -0.325785 -0.937165
vn 0.887797 0.458688 -0.037699
vn -0.124873 0.325754 0.937172
vn 0.441636 -0.827613 0.346430
vn -0.441625 0.827621 -0.346426
usemtl WallBox
s off
f 70/9/97 66/9/97 65/9/97
f 70/9/98 71/9/98 67/9/98
f 71/9/99 72/9/99 68/9/99
f 69/9/100 65/9/100 68/9/100
f 65/9/101 66/9/101 67/9/101
f 71/9/102 70/9/102 69/9/102
f 69/9/103 70/9/103 65/9/103
f 66/9/104 70/9/104 67/9/104
f 67/9/105 71/9/105 68/9/105
f 72/9/106 69/9/106 68/9/106
f 68/9/107 65/9/107 67/9/107
f 72/9/108 71/9/108 69/9/108
g Tube.094_Circle.096
v -33.191887 105.480141 -66.768585
v -33.684513 106.515221 -67.461830
v -32.473675 107.107040 -67.435928
v -31.985653 106.069443 -66.742836
v -33.514320 106.094353 -65.622398
v -34.006863 107.129478 -66.315636
v -32.798283 107.720070 -66.289810
v -32.310333 106.682419 -65.596725
vt 0.500000 0.500000
vn -0.898268 -0.439108 -0.017301
vn -0.366812 0.773129 -0.517417
vn 0.899251 0.436925 0.021065
vn 0.366621 -0.773193 0.517457
vn 0.242048 -0.457770 -0.855488
vn -0.241990 0.457788 0.855494
vn -0.898282 -0.439074 -0.017403
vn -0.366753 0.773124 -0.517467
vn 0.899236 0.436961 0.020963
vn 0.366689 -0.773192 0.517410
vn 0.241881 -0.457728 -0.855558
vn -0.241821 0.457747 0.855564
usemtl WallBox
s off
f 78/10/109 74/10/109 73/10/109
f 79/10/110 75/10/110 74/10/110
f 79/10/111 80/10/111 76/10/111
f 80/10/112 77/10/112 73/10/112
f 73/10/113 74/10/113 75/10/113
f 79/10/114 78/10/114 77/10/114
f 77/10/115 78/10/115 73/10/115
f 78/10/116 79/10/116 74/10/116
f 75/10/117 79/10/117 76/10/117
f 76/10/118 80/10/118 73/10/118
f 76/10/119 73/10/119 75/10/119
f 80/10/120 79/10/120 77/10/120
g Tube.093_Circle.095
v -34.441738 107.778755 -67.285309
v -34.979450 108.824959 -66.644043
v -33.783981 109.455879 -66.667984
v -33.246483 108.409554 -67.309265
v -34.120945 107.222923 -66.109192
v -34.658836 108.269035 -65.467934
v -33.468773 108.896996 -65.492058
v -32.931087 107.850761 -66.133331
vt 0.500000 0.500000
vn -0.884096 -0.466864 0.020334
vn -0.402269 0.780386 0.478725
vn 0.885224 0.464872 -0.016524
vn 0.402148 -0.780538 -0.478578
vn -0.237201 0.416138 -0.877819
vn 0.237349 -0.416055 0.877818
vn -0.884002 -0.467038 0.020393
vn -0.402160 0.780536 0.478572
vn 0.885201 0.464922 -0.016315
vn 0.402258 -0.780400 -0.478711
vn -0.237219 0.416142 -0.877812
vn 0.237349 -0.416067 0.877812
usemtl WallBox
s off
f 86/11/121 82/11/121 81/11/121
f 87/11/122 83/11/122 82/11/122
f 88/11/123 84/11/123 83/11/123
f 88/11/124 85/11/124 81/11/124
f 81/11/125 82/11/125 83/11/125
f 87/11/126 86/11/126 85/11/126
f 85/11/127 86/11/127 81/11/127
f 86/11/128 87/11/128 82/11/128
f 87/11/129 88/11/129 83/11/129
f 84/11/130 88/11/130 81/11/130
f 84/11/131 81/11/131 83/11/131
f 88/11/132 87/11/132 85/11/132
g Tube.092_Circle.094
v 46.172363 129.149216 -49.674751
v 46.462311 128.797607 -50.934315
v 47.753635 128.952164 -50.673084
v 47.469101 129.304520 -49.412704
v 46.099731 130.433441 -50.049988
v 46.389694 130.081818 -51.309547
v 47.685772 130.237015 -51.047600
v 47.401222 130.589371 -49.787220
vt 0.500000 0.500000
vn -0.974786 -0.111584 -0.193238
vn 0.221381 -0.262097 -0.939306
vn 0.975858 0.107042 0.190376
vn -0.221049 0.261982 0.939416
vn 0.057840 -0.957995 0.280893
vn -0.057940 0.957985 -0.280907
vn -0.974782 -0.111595 -0.193251
vn 0.221227 -0.261967 -0.939378
vn 0.975855 0.107046 0.190388
vn -0.221221 0.262116 0.939338
vn 0.057994 -0.958017 0.280783
vn -0.058084 0.958005 -0.280805
usemtl WallBox
s off
f 94/12/133 90/12/133 89/12/133
f 95/12/134 91/12/134 90/12/134
f 96/12/135 92/12/135 91/12/135
f 96/12/136 93/12/136 89/12/136
f 90/12/137 91/12/137 92/12/137
f 96/12/138 95/12/138 94/12/138
f 93/12/139 94/12/139 89/12/139
f 94/12/140 95/12/140 90/12/140
f 95/12/141 96/12/141 91/12/141
f 92/12/142 96/12/142 89/12/142
f 89/12/143 90/12/143 92/12/143
f 93/12/144 96/12/144 94/12/144
g Tube.091_Circle.093
v 86.280121 132.335022 -48.830963
v 86.383873 133.524933 -49.436897
v 87.704559 133.414810 -49.402718
v 87.597145 132.224991 -48.796955
v 86.279373 132.941772 -47.637238
v 86.383591 134.131653 -48.243153
v 87.712517 134.021362 -48.208599
v 87.605042 132.831543 -47.602844
vt 0.500000 0.500000
vn -0.996967 0.069280 -0.035443
vn 0.085451 0.888082 -0.451673
vn 0.996762 -0.074158 0.031079
vn -0.085860 -0.888181 0.451401
vn -0.014664 -0.452596 -0.891595
vn 0.014388 0.452619 0.891588
vn -0.996996 0.068795 -0.035597
vn 0.085745 0.888202 -0.451382
vn 0.996757 -0.074235 0.031061
vn -0.085562 -0.888066 0.451683
vn -0.014801 -0.452696 -0.891542
vn 0.014512 0.452720 0.891535
usemtl WallBox
s off
f 101/13/145 102/13/145 98/13/145
f 102/13/146 103/13/146 99/13/146
f 104/13/147 100/13/147 99/13/147
f 101/13/148 97/13/148 100/13/148
f 98/13/149 99/13/149 100/13/149
f 104/13/150 103/13/150 102/13/150
f 97/13/151 101/13/151 98/13/151
f 98/13/152 102/13/152 99/13/152
f 103/13/153 104/13/153 99/13/153
f 104/13/154 101/13/154 100/13/154
f 97/13/155 98/13/155 100/13/155
f 101/13/156 104/13/156 102/13/156
g Tube.090_Circle.092
v 86.353363 134.981476 -49.152950
v 86.392990 136.105637 -48.426735
v 87.736481 136.040207 -48.438385
v 87.687927 134.916275 -49.165009
v 86.326889 134.254715 -48.027851
v 86.366852 135.378860 -47.301624
v 87.710426 135.313446 -47.313267
v 87.661942 134.189499 -48.039890
vt 0.500000 0.500000
vn -0.999364 0.035643 -0.000189
vn 0.045531 0.838649 0.542766
vn 0.999154 -0.040976 -0.003389
vn -0.045873 -0.838614 -0.542791
vn 0.019122 0.542236 -0.840009
vn -0.019121 -0.542231 0.840012
vn -0.999367 0.035576 -0.000536
vn 0.045544 0.838640 0.542779
vn 0.999156 -0.040950 -0.003319
vn -0.045860 -0.838631 -0.542767
vn 0.018890 0.542064 -0.840125
vn -0.018904 -0.542071 0.840120
usemtl WallBox
s off
f 109/14/157 110/14/157 106/14/157
f 110/14/158 111/14/158 107/14/158
f 112/14/159 108/14/159 107/14/159
f 109/14/160 105/14/160 108/14/160
f 106/14/161 107/14/161 108/14/161
f 112/14/162 111/14/162 110/14/162
f 105/14/163 109/14/163 106/14/163
f 106/14/164 110/14/164 107/14/164
f 111/14/165 112/14/165 107/14/165
f 112/14/166 109/14/166 108/14/166
f 105/14/167 106/14/167 108/14/167
f 109/14/168 112/14/168 110/14/168
g Tube.089_Circle.091
v 195.938492 91.023003 -73.148857
v 196.466751 92.015327 -73.877930
v 197.291443 91.159409 -74.453232
v 196.760330 90.169800 -73.722260
v 196.850800 91.241257 -72.191849
v 197.379425 92.233246 -72.921150
v 198.210922 91.370811 -73.501060
v 197.679474 90.381531 -72.769844
vt 0.500000 0.500000
vn -0.617244 0.652060 0.440259
vn 0.391774 0.742595 -0.543199
vn 0.610734 -0.655929 -0.443578
vn -0.391864 -0.742739 0.542938
vn -0.675353 -0.168043 -0.718095
vn 0.675254 0.168129 0.718168
vn -0.617354 0.652285 0.439771
vn 0.391793 0.742795 -0.542912
vn 0.610601 -0.655726 -0.444060
vn -0.391854 -0.742532 0.543227
vn -0.675377 -0.167988 -0.718085
vn 0.675275 0.168063 0.718163
usemtl WallBox
s off
f 118/15/169 114/15/169 113/15/169
f 119/15/170 115/15/170 114/15/170
f 119/15/171 120/15/171 116/15/171
f 120/15/172 117/15/172 113/15/172
f 113/15/173 114/15/173 115/15/173
f 119/15/174 118/15/174 117/15/174
f 117/15/175 118/15/175 113/15/175
f 118/15/176 119/15/176 114/15/176
f 115/15/177 119/15/177 116/15/177
f 116/15/178 120/15/178 113/15/178
f 116/15/179 113/15/179 115/15/179
f 120/15/180 119/15/180 117/15/180
g Tube.088_Circle.090
v 197.471939 93.103516 -73.806702
v 198.518707 93.799232 -73.341530
v 199.367142 92.972214 -73.974785
v 198.313156 92.283394 -74.435104
v 197.514740 92.315910 -72.723755
v 198.561798 93.011368 -72.258759
v 199.410950 92.183655 -72.892517
v 198.356720 91.495087 -73.352654
vt 0.500000 0.500000
vn -0.623653 0.620067 0.475998
vn 0.774714 0.525553 0.351586
vn 0.616910 -0.624187 -0.479387
vn -0.774815 -0.525443 -0.351527
vn -0.031032 0.587401 -0.808701
vn 0.031006 -0.587406 0.808698
vn -0.623405 0.620417 0.475867
vn 0.774707 0.525560 0.351590
vn 0.617146 -0.623836 -0.479541
vn -0.774835 -0.525441 -0.351485
vn -0.030983 0.587697 -0.808488
vn 0.030968 -0.587688 0.808495
usemtl WallBox
s off
f 126/16/181 122/16/181 121/16/181
f 127/16/182 123/16/182 122/16/182
f 127/16/183 128/16/183 124/16/183
f 128/16/184 125/16/184 121/16/184
f 121/16/185 122/16/185 123/16/185
f 127/16/186 126/16/186 125/16/186
f 125/16/187 126/16/187 121/16/187
f 126/16/188 127/16/188 122/16/188
f 123/16/189 127/16/189 124/16/189
f 124/16/190 128/16/190 121/16/190
f 124/16/191 121/16/191 123/16/191
f 128/16/192 127/16/192 125/16/192
g Tube.087_Circle.089
v 248.348572 6.407049 -132.116150
v 247.252792 5.726933 -131.754608
v 247.660370 4.681093 -132.476913
v 248.757599 5.358456 -132.841019
v 247.696793 6.890862 -133.182068
v 246.601105 6.210493 -132.820694
v 247.008636 5.163424 -133.543350
v 248.105881 5.840726 -133.907471
vt 0.500000 0.500000
vn -0.306814 0.782152 0.542314
vn -0.818696 -0.506003 0.271472
vn 0.304579 -0.784123 -0.540725
vn 0.818655 0.506478 -0.270710
vn 0.486298 -0.360290 0.796056
vn -0.486239 0.360209 -0.796129
vn -0.306492 0.782191 0.542439
vn -0.818769 -0.506191 0.270901
vn 0.304596 -0.784085 -0.540769
vn 0.818590 0.506271 -0.271294
vn 0.486556 -0.360361 0.795866
vn -0.486528 0.360282 -0.795919
usemtl WallBox
s off
f 133/17/193 134/17/193 130/17/193
f 134/17/194 135/17/194 131/17/194
f 135/17/195 136/17/195 132/17/195
f 133/17/196 129/17/196 132/17/196
f 129/17/197 130/17/197 131/17/197
f 135/17/198 134/17/198 133/17/198
f 129/17/199 133/17/199 130/17/199
f 130/17/200 134/17/200 131/17/200
f 131/17/201 135/17/201 132/17/201
f 136/17/202 133/17/202 132/17/202
f 132/17/203 129/17/203 131/17/203
f 136/17/204 135/17/204 133/17/204
g Tube.086_Circle.088
v 245.369232 5.584113 -132.345215
v 244.390808 5.822881 -133.228668
v 244.745377 4.737449 -133.914230
v 245.724350 4.498656 -133.031433
v 246.211105 6.326037 -133.077560
v 245.232819 6.564396 -133.961288
v 245.588013 5.475680 -134.648666
v 246.566940 5.236996 -133.765747
vt 0.500000 0.500000
vn -0.267468 0.813668 0.516145
vn -0.730525 0.177919 -0.659301
vn 0.265508 -0.815092 -0.514909
vn 0.730426 -0.177923 0.659410
vn -0.628777 -0.551585 0.548082
vn 0.628881 0.551316 -0.548233
vn -0.267998 0.813529 0.516088
vn -0.730423 0.177914 -0.659416
vn 0.265508 -0.815186 -0.514759
vn 0.730509 -0.177938 0.659314
vn -0.629023 -0.551904 0.547478
vn 0.629124 0.551621 -0.547647
usemtl WallBox
s off
f 142/18/205 138/18/205 137/18/205
f 142/18/206 143/18/206 139/18/206
f 144/18/207 140/18/207 139/18/207
f 141/18/208 137/18/208 140/18/208
f 138/18/209 139/18/209 140/18/209
f 144/18/210 143/18/210 142/18/210
f 141/18/211 142/18/211 137/18/211
f 138/18/212 142/18/212 139/18/212
f 143/18/213 144/18/213 139/18/213
f 144/18/214 141/18/214 140/18/214
f 137/18/215 138/18/215 140/18/215
f 141/18/216 144/18/216 142/18/216
g Tube.085_Circle.087
v 189.413666 -195.051376 -150.426453
v 189.830688 -194.506424 -149.275665
v 188.825226 -195.114960 -148.618271
v 188.405640 -195.661331 -149.767303
v 188.623093 -193.991165 -150.641647
v 189.040604 -193.445953 -149.491180
v 188.038300 -194.052765 -148.835938
v 187.618835 -194.599060 -149.985062
vt 0.500000 0.500000
vn 0.745206 0.456397 -0.486179
vn 0.313607 0.408063 0.857400
vn -0.746365 -0.452844 0.487721
vn -0.313681 -0.407912 -0.857445
vn 0.586693 -0.793232 0.163019
vn -0.586740 0.793206 -0.162973
vn 0.744778 0.456577 -0.486665
vn 0.313614 0.407896 0.857477
vn -0.746247 -0.452883 0.487866
vn -0.313679 -0.408101 -0.857356
vn 0.586615 -0.793293 0.163000
vn -0.586712 0.793236 -0.162930
usemtl WallBox
s off
f 150/19/217 146/19/217 145/19/217
f 151/19/218 147/19/218 146/19/218
f 151/19/219 152/19/219 148/19/219
f 152/19/220 149/19/220 145/19/220
f 145/19/221 146/19/221 147/19/221
f 151/19/222 150/19/222 149/19/222
f 149/19/223 150/19/223 145/19/223
f 150/19/224 151/19/224 146/19/224
f 147/19/225 151/19/225 148/19/225
f 148/19/226 152/19/226 145/19/226
f 148/19/227 145/19/227 147/19/227
f 152/19/228 151/19/228 149/19/228
g Tube.084_Circle.086
v 186.891083 -193.421478 -152.803467
v 187.598770 -194.534790 -152.570969
v 186.543686 -195.064850 -151.924103
v 185.838623 -193.950104 -152.158386
v 187.331970 -192.900391 -151.650589
v 188.039902 -194.013580 -151.418243
v 186.986099 -194.542953 -150.772247
v 186.281403 -193.427979 -151.006790
vt 0.500000 0.500000
vn 0.782481 0.397596 -0.479208
vn 0.525653 -0.832449 0.175266
vn -0.783427 -0.394596 0.480143
vn -0.525511 0.832527 -0.175320
vn -0.330941 -0.389925 -0.859323
vn 0.330916 0.389923 0.859334
vn 0.782675 0.397493 -0.478978
vn 0.525621 -0.832468 0.175270
vn -0.783757 -0.394437 0.479733
vn -0.525608 0.832459 -0.175350
vn -0.330941 -0.389830 -0.859367
vn 0.330884 0.389806 0.859399
usemtl WallBox
s off
f 157/20/229 158/20/229 154/20/229
f 159/20/230 155/20/230 154/20/230
f 160/20/231 156/20/231 155/20/231
f 160/20/232 157/20/232 153/20/232
f 154/20/233 155/20/233 156/20/233
f 160/20/234 159/20/234 158/20/234
f 153/20/235 157/20/235 154/20/235
f 158/20/236 159/20/236 154/20/236
f 159/20/237 160/20/237 155/20/237
f 156/20/238 160/20/238 153/20/238
f 153/20/239 154/20/239 156/20/239
f 157/20/240 160/20/240 158/20/240
g Tube.083_Circle.085
v 76.421295 -223.117508 -66.968254
v 76.418236 -221.780823 -66.880051
v 75.408409 -221.843933 -66.009598
v 75.408524 -223.180649 -66.095398
v 75.544250 -223.052872 -67.978981
v 75.541237 -221.716187 -67.890831
v 74.530380 -221.779312 -67.019524
v 74.530449 -223.116013 -67.105286
vt 0.500000 0.500000
vn 0.755973 0.044780 -0.653069
vn -0.004187 0.997712 0.067478
vn -0.755305 -0.042033 0.654024
vn 0.004092 -0.997722 -0.067342
vn 0.653864 -0.048415 0.755062
vn -0.653851 0.048415 -0.755073
vn 0.755949 0.044822 -0.653094
vn -0.004183 0.997714 0.067447
vn -0.755330 -0.042011 0.653997
vn 0.004097 -0.997716 -0.067422
vn 0.653805 -0.048329 0.755118
vn -0.653786 0.048319 -0.755135
usemtl WallBox
s off
f 165/21/241 166/21/241 162/21/241
f 167/21/242 163/21/242 162/21/242
f 168/21/243 164/21/243 163/21/243
f 168/21/244 165/21/244 161/21/244
f 162/21/245 163/21/245 164/21/245
f 168/21/246 167/21/246 166/21/246
f 161/21/247 165/21/247 162/21/247
f 166/21/248 167/21/248 162/21/248
f 167/21/249 168/21/249 163/21/249
f 164/21/250 168/21/250 161/21/250
f 161/21/251 162/21/251 164/21/251
f 165/21/252 168/21/252 166/21/252
g Tube.082_Circle.084
v 75.651115 -220.259201 -67.886452
v 74.827850 -219.757858 -68.816872
v 73.832916 -219.748352 -67.931236
v 74.655983 -220.249710 -67.000641
v 75.308601 -221.501556 -68.253006
v 74.485222 -221.000198 -69.183350
v 73.487465 -220.990723 -68.295395
v 74.310638 -221.492081 -67.364891
vt 0.500000 0.500000
vn 0.746329 -0.009521 -0.665510
vn -0.614523 0.374414 -0.694388
vn -0.745721 0.011981 0.666151
vn 0.614477 -0.374317 0.694481
vn 0.253770 0.927317 0.275108
vn -0.253711 -0.927315 -0.275170
vn 0.746297 -0.009385 -0.665547
vn -0.614496 0.374341 -0.694452
vn -0.745737 0.012104 0.666130
vn 0.614539 -0.374415 0.694374
vn 0.253755 0.927310 0.275144
vn -0.253710 -0.927305 -0.275203
usemtl WallBox
s off
f 174/22/253 170/22/253 169/22/253
f 175/22/254 171/22/254 170/22/254
f 175/22/255 176/22/255 172/22/255
f 176/22/256 173/22/256 169/22/256
f 170/22/257 171/22/257 172/22/257
f 175/22/258 174/22/258 173/22/258
f 173/22/259 174/22/259 169/22/259
f 174/22/260 175/22/260 170/22/260
f 171/22/261 175/22/261 172/22/261
f 172/22/262 176/22/262 169/22/262
f 169/22/263 170/22/263 172/22/263
f 176/22/264 175/22/264 173/22/264
g Tube.081_Circle.083
v 29.147690 -218.337723 -32.525021
v 28.550518 -219.449707 -32.974655
v 27.557486 -219.276718 -32.089478
v 28.155691 -218.165253 -31.641232
v 29.823624 -219.064651 -31.625341
v 29.226395 -220.176636 -32.074917
v 28.233532 -220.003296 -31.189507
v 28.832088 -218.891876 -30.741577
vt 0.500000 0.500000
vn 0.739448 -0.130025 -0.660538
vn -0.444728 -0.830190 -0.336158
vn -0.738716 0.130950 0.661173
vn 0.444400 0.830086 0.336848
vn -0.504345 0.542505 -0.671807
vn 0.504363 -0.542491 0.671805
vn 0.739400 -0.130043 -0.660587
vn -0.444642 -0.830045 -0.336628
vn -0.738741 0.131429 0.661050
vn 0.444484 0.830239 0.336359
vn -0.504302 0.542392 -0.671930
vn 0.504353 -0.542413 0.671875
usemtl WallBox
s off
f 182/23/265 178/23/265 177/23/265
f 182/23/266 183/23/266 179/23/266
f 184/23/267 180/23/267 179/23/267
f 181/23/268 177/23/268 180/23/268
f 177/23/269 178/23/269 179/23/269
f 183/23/270 182/23/270 181/23/270
f 181/23/271 182/23/271 177/23/271
f 178/23/272 182/23/272 179/23/272
f 183/23/273 184/23/273 179/23/273
f 184/23/274 181/23/274 180/23/274
f 180/23/275 177/23/275 179/23/275
f 184/23/276 183/23/276 181/23/276
g Tube.080_Circle.082
v 30.754869 -222.688660 -30.216141
v 31.549355 -222.056992 -29.341948
v 30.540617 -222.009354 -28.461630
v 29.743008 -222.641068 -29.333441
v 30.371300 -221.508377 -30.720652
v 31.165880 -220.876740 -29.846540
v 30.157890 -220.828827 -28.966513
v 29.360481 -221.460571 -29.838503
vt 0.500000 0.500000
vn 0.752510 -0.036635 -0.657561
vn 0.592608 0.471442 0.653114
vn -0.751162 0.038538 0.658992
vn -0.592136 -0.471707 -0.653351
vn 0.286669 -0.881096 0.376153
vn -0.286600 0.881075 -0.376253
vn 0.752519 -0.036506 -0.657558
vn 0.592303 0.471703 0.653202
vn -0.750989 0.038457 0.659194
vn -0.592407 -0.471457 -0.653285
vn 0.286672 -0.881100 0.376142
vn -0.286613 0.881123 -0.376132
usemtl WallBox
s off
f 189/24/277 190/24/277 186/24/277
f 190/24/278 191/24/278 187/24/278
f 191/24/279 192/24/279 188/24/279
f 189/24/280 185/24/280 188/24/280
f 186/24/281 187/24/281 188/24/281
f 192/24/282 191/24/282 190/24/282
f 185/24/283 189/24/283 186/24/283
f 186/24/284 190/24/284 187/24/284
f 187/24/285 191/24/285 188/24/285
f 192/24/286 189/24/286 188/24/286
f 185/24/287 186/24/287 188/24/287
f 189/24/288 192/24/288 190/24/288
g Tube.079_Circle.081
v -1.661248 -217.806824 0.761752
v -0.792341 -217.183655 1.568561
v -1.742948 -217.067230 2.502067
v -2.615494 -217.690109 1.698224
v -2.026253 -216.626755 0.243078
v -1.156989 -216.003647 1.049525
v -2.107334 -215.886932 1.983417
v -2.979695 -216.509842 1.179382
vt 0.500000 0.500000
vn 0.710505 -0.087549 -0.698224
vn 0.648918 0.464975 0.602249
vn -0.708663 0.089010 0.699910
vn -0.648299 -0.465386 -0.602597
vn 0.272243 -0.880925 0.387112
vn -0.272228 0.880928 -0.387114
vn 0.710666 -0.087037 -0.698125
vn 0.648531 0.465367 0.602363
vn -0.708469 0.088925 0.700117
vn -0.648675 -0.465014 -0.602481
vn 0.272238 -0.880883 0.387211
vn -0.272223 0.880889 -0.387207
usemtl WallBox
s off
f 197/25/289 198/25/289 194/25/289
f 198/25/290 199/25/290 195/25/290
f 199/25/291 200/25/291 196/25/291
f 197/25/292 193/25/292 196/25/292
f 194/25/293 195/25/293 196/25/293
f 200/25/294 199/25/294 198/25/294
f 193/25/295 197/25/295 194/25/295
f 194/25/296 198/25/296 195/25/296
f 195/25/297 199/25/297 196/25/297
f 200/25/298 197/25/298 196/25/298
f 193/25/299 194/25/299 196/25/299
f 197/25/300 200/25/300 198/25/300
g Tube.078_Circle.080
v -19.909840 -213.864975 20.320532
v -18.982193 -213.252472 21.069050
v -19.865440 -213.096832 22.056759
v -20.796751 -213.708435 21.312441
v -20.274559 -212.683075 19.805969
v -19.346571 -212.070663 20.554090
v -20.230612 -211.914810 21.542711
v -21.162008 -212.526398 20.798496
vt 0.500000 0.500000
vn 0.668431 -0.114163 -0.734961
vn 0.697992 0.455820 0.552300
vn -0.665163 0.115235 0.737753
vn -0.698040 -0.455826 -0.552234
vn 0.273218 -0.882269 0.383344
vn -0.273176 0.882270 -0.383372
vn 0.668038 -0.113994 -0.735344
vn 0.697958 0.455858 0.552311
vn -0.665261 0.115279 0.737658
vn -0.698072 -0.455808 -0.552208
vn 0.273029 -0.882308 0.383391
vn -0.273019 0.882312 -0.383388
usemtl WallBox
s off
f 206/26/301 202/26/301 201/26/301
f 206/26/302 207/26/302 203/26/302
f 207/26/303 208/26/303 204/26/303
f 205/26/304 201/26/304 204/26/304
f 201/26/305 202/26/305 203/26/305
f 207/26/306 206/26/306 205/26/306
f 205/26/307 206/26/307 201/26/307
f 202/26/308 206/26/308 203/26/308
f 203/26/309 207/26/309 204/26/309
f 208/26/310 205/26/310 204/26/310
f 204/26/311 201/26/311 203/26/311
f 208/26/312 207/26/312 205/26/312
g Tube.077_Circle.079
v -55.642166 -182.534698 108.809235
v -54.349846 -182.215546 108.653854
v -54.370800 -181.517212 109.802780
v -55.663048 -181.830994 109.966339
v -55.995026 -181.428787 108.139954
v -54.702709 -181.109924 107.984154
v -54.723701 -180.414749 109.128273
v -56.015938 -180.728241 109.292244
vt 0.500000 0.500000
vn 0.023350 -0.512493 -0.858374
vn 0.964563 0.232912 -0.123980
vn -0.016993 0.517520 0.855502
vn -0.964603 -0.232739 0.123994
vn 0.263698 -0.822148 0.504516
vn -0.263681 0.822218 -0.504410
vn 0.022891 -0.512251 -0.858531
vn 0.964598 0.232864 -0.123792
vn -0.017460 0.517739 0.855360
vn -0.964573 -0.232777 0.124154
vn 0.263504 -0.822091 0.504709
vn -0.263477 0.822161 -0.504610
usemtl WallBox
s off
f 214/27/313 210/27/313 209/27/313
f 215/27/314 211/27/314 210/27/314
f 215/27/315 216/27/315 212/27/315
f 216/27/316 213/27/316 209/27/316
f 209/27/317 210/27/317 211/27/317
f 215/27/318 214/27/318 213/27/318
f 213/27/319 214/27/319 209/27/319
f 214/27/320 215/27/320 210/27/320
f 211/27/321 215/27/321 212/27/321
f 212/27/322 216/27/322 209/27/322
f 212/27/323 209/27/323 211/27/323
f 216/27/324 215/27/324 213/27/324
g Tube.076_Circle.078
v -53.483513 -181.279648 107.978233
v -53.118183 -180.175003 107.313133
v -53.075245 -179.492462 108.446442
v -53.440495 -180.591415 109.120216
v -54.771805 -180.948792 107.819771
v -54.406471 -179.844223 107.154564
v -54.363503 -179.159058 108.291862
v -54.728748 -180.257935 108.965744
vt 0.500000 0.500000
vn -0.024981 -0.509575 -0.860064
vn 0.272584 0.819555 -0.504012
vn 0.030622 0.515108 0.856578
vn -0.272468 -0.819501 0.504162
vn 0.961659 -0.249505 0.113841
vn -0.961662 0.249445 -0.113944
vn -0.025092 -0.509632 -0.860026
vn 0.272479 0.819617 -0.503967
vn 0.030520 0.515068 0.856605
vn -0.272585 -0.819426 0.504221
vn 0.961595 -0.249591 0.114193
vn -0.961600 0.249522 -0.114298
usemtl WallBox
s off
f 222/28/325 218/28/325 217/28/325
f 222/28/326 223/28/326 219/28/326
f 223/28/327 224/28/327 220/28/327
f 221/28/328 217/28/328 220/28/328
f 217/28/329 218/28/329 219/28/329
f 223/28/330 222/28/330 221/28/330
f 221/28/331 222/28/331 217/28/331
f 218/28/332 222/28/332 219/28/332
f 219/28/333 223/28/333 220/28/333
f 224/28/334 221/28/334 220/28/334
f 220/28/335 217/28/335 219/28/335
f 224/28/336 223/28/336 221/28/336
g Tube.075_Circle.077
v -46.047970 -133.873505 161.497696
v -44.804062 -133.847488 161.000565
v -44.495155 -132.816864 161.817917
v -45.736317 -132.834381 162.321182
v -46.442108 -133.005356 160.556412
v -45.198467 -132.980164 160.058685
v -44.891796 -131.956421 160.871063
v -46.132893 -131.973770 161.374466
vt 0.500000 0.500000
vn -0.226541 -0.761917 -0.606764
vn 0.927832 0.017719 -0.372576
vn 0.232168 0.766169 0.599235
vn -0.927790 -0.017096 0.372712
vn 0.294519 -0.646443 0.703826
vn -0.294477 0.646606 -0.703693
vn -0.227512 -0.761439 -0.606999
vn 0.927848 0.017347 -0.372556
vn 0.232282 0.766274 0.599058
vn -0.927774 -0.017495 0.372732
vn 0.294817 -0.646239 0.703888
vn -0.294729 0.646419 -0.703760
usemtl WallBox
s off
f 230/29/337 226/29/337 225/29/337
f 230/29/338 231/29/338 227/29/338
f 232/29/339 228/29/339 227/29/339
f 229/29/340 225/29/340 228/29/340
f 226/29/341 227/29/341 228/29/341
f 232/29/342 231/29/342 230/29/342
f 229/29/343 230/29/343 225/29/343
f 226/29/344 230/29/344 227/29/344
f 231/29/345 232/29/345 227/29/345
f 232/29/346 229/29/346 228/29/346
f 225/29/347 226/29/347 228/29/347
f 229/29/348 232/29/348 230/29/348
g Tube.074_Circle.076
v -44.035622 -133.346695 159.885727
v -43.734051 -132.600525 158.814575
v -43.370003 -131.605316 159.607956
v -43.668007 -132.340469 160.687057
v -45.288292 -132.872269 159.863464
v -44.986893 -132.126633 158.791931
v -44.621849 -131.128326 159.587524
v -44.919880 -131.863586 160.666565
vt 0.500000 0.500000
vn -0.273410 -0.751480 -0.600437
vn 0.224852 0.555784 -0.800341
vn 0.278401 0.756256 0.592089
vn -0.224592 -0.555433 0.800658
vn 0.934742 -0.354951 0.016323
vn -0.934775 0.354861 -0.016373
vn -0.273965 -0.751579 -0.600060
vn 0.224688 0.555728 -0.800426
vn 0.278457 0.756173 0.592169
vn -0.224695 -0.555476 0.800599
vn 0.934909 -0.354515 0.016258
vn -0.934926 0.354468 -0.016321
usemtl WallBox
s off
f 238/30/349 234/30/349 233/30/349
f 239/30/350 235/30/350 234/30/350
f 240/30/351 236/30/351 235/30/351
f 240/30/352 237/30/352 233/30/352
f 234/30/353 235/30/353 236/30/353
f 240/30/354 239/30/354 238/30/354
f 237/30/355 238/30/355 233/30/355
f 238/30/356 239/30/356 234/30/356
f 239/30/357 240/30/357 235/30/357
f 236/30/358 240/30/358 233/30/358
f 233/30/359 234/30/359 236/30/359
f 237/30/360 240/30/360 238/30/360
g Tube.073_Circle.075
v 1.116144 -31.420816 167.240234
v 2.072141 -32.044804 166.538956
v 2.587518 -30.858330 166.180771
v 1.631009 -30.235495 166.882446
v 0.329882 -31.406647 166.155609
v 1.285894 -32.030602 165.454315
v 1.800957 -30.844828 165.096375
v 0.844280 -30.222363 165.798187
vt 0.500000 0.500000
vn -0.382594 -0.884867 0.265766
vn 0.712807 -0.467460 -0.522865
vn 0.381135 0.885479 -0.265824
vn -0.712832 0.467446 0.522842
vn 0.586952 -0.010565 0.809553
vn -0.586948 0.010580 -0.809556
vn -0.382575 -0.884875 0.265769
vn 0.712823 -0.467467 -0.522836
vn 0.381558 0.885325 -0.265729
vn -0.712824 0.467421 0.522877
vn 0.586957 -0.010598 0.809548
vn -0.586960 0.010626 -0.809546
usemtl WallBox
s off
f 246/31/361 242/31/361 241/31/361
f 246/31/362 247/31/362 243/31/362
f 247/31/363 248/31/363 244/31/363
f 245/31/364 241/31/364 244/31/364
f 241/31/365 242/31/365 243/31/365
f 247/31/366 246/31/366 245/31/366
f 245/31/367 246/31/367 241/31/367
f 242/31/368 246/31/368 243/31/368
f 243/31/369 247/31/369 244/31/369
f 248/31/370 245/31/370 244/31/370
f 244/31/371 241/31/371 243/31/371
f 248/31/372 247/31/372 245/31/372
g Tube.072_Circle.074
v 4.161861 -25.024004 159.852264
v 2.962156 -24.579157 159.455063
v 3.526073 -23.439867 159.022369
v 4.725858 -23.884531 159.419525
v 3.969532 -24.467499 161.055771
v 2.769649 -24.023060 160.658707
v 3.333019 -22.885015 160.226471
v 4.532831 -23.329615 160.623611
vt 0.500000 0.500000
vn -0.421360 -0.847057 0.323959
vn -0.895949 0.330993 -0.296173
vn 0.421020 0.847550 -0.323111
vn 0.895921 -0.331012 0.296237
vn 0.144541 -0.413043 -0.899168
vn -0.144537 0.413064 0.899159
vn -0.421074 -0.847038 0.324383
vn -0.895935 0.330997 -0.296213
vn 0.421064 0.847553 -0.323045
vn 0.895956 -0.330982 0.296165
vn 0.144570 -0.413033 -0.899168
vn -0.144580 0.413056 0.899156
usemtl WallBox
s off
f 254/32/373 250/32/373 249/32/373
f 255/32/374 251/32/374 250/32/374
f 255/32/375 256/32/375 252/32/375
f 256/32/376 253/32/376 249/32/376
f 249/32/377 250/32/377 251/32/377
f 255/32/378 254/32/378 253/32/378
f 253/32/379 254/32/379 249/32/379
f 254/32/380 255/32/380 250/32/380
f 251/32/381 255/32/381 252/32/381
f 252/32/382 256/32/382 249/32/382
f 252/32/383 249/32/383 251/32/383
f 256/32/384 255/32/384 253/32/384
g Tube.071_Circle.073
v 61.091618 80.583084 145.323318
v 60.489403 80.892189 146.480057
v 61.436913 81.844154 146.736725
v 62.044247 81.540207 145.581635
v 61.861412 79.691833 145.964203
v 61.258343 80.000076 147.120667
v 62.194344 80.940437 147.373642
v 62.802261 80.637070 146.218765
vt 0.500000 0.500000
vn -0.684495 -0.709699 -0.166712
vn -0.457443 0.223238 0.860762
vn 0.688454 0.703179 0.177679
vn 0.457548 -0.223647 -0.860600
vn -0.557584 0.682426 -0.472647
vn 0.557721 -0.682283 0.472691
vn -0.683540 -0.710536 -0.167071
vn -0.457422 0.223761 0.860637
vn 0.689098 0.702608 0.177441
vn 0.457577 -0.223149 -0.860713
vn -0.557496 0.682450 -0.472716
vn 0.557580 -0.682347 0.472766
usemtl WallBox
s off
f 262/33/385 258/33/385 257/33/385
f 263/33/386 259/33/386 258/33/386
f 263/33/387 264/33/387 260/33/387
f 264/33/388 261/33/388 257/33/388
f 257/33/389 258/33/389 259/33/389
f 263/33/390 262/33/390 261/33/390
f 261/33/391 262/33/391 257/33/391
f 262/33/392 263/33/392 258/33/392
f 259/33/393 263/33/393 260/33/393
f 260/33/394 264/33/394 257/33/394
f 260/33/395 257/33/395 259/33/395
f 264/33/396 263/33/396 261/33/396
g Tube.070_Circle.072
v 107.606537 108.010086 168.834885
v 107.248772 109.294052 168.705643
v 108.328712 109.653915 169.447510
v 108.678253 108.366676 169.570709
v 106.878754 107.920029 169.956421
v 106.521072 109.204041 169.827240
v 107.596558 109.562126 170.565842
v 107.946022 108.274864 170.688980
vt 0.500000 0.500000
vn -0.796072 -0.275951 -0.538628
vn -0.258485 0.961788 -0.090274
vn 0.795755 0.268061 0.543062
vn 0.257941 -0.961946 0.090141
vn 0.549042 0.069375 -0.832911
vn -0.548955 -0.069361 0.832969
vn -0.795993 -0.276023 -0.538708
vn -0.258206 0.961857 -0.090340
vn 0.795823 0.267995 0.542996
vn 0.258196 -0.961884 0.090081
vn 0.548938 0.069105 -0.833002
vn -0.548838 -0.069063 0.833071
usemtl WallBox
s off
f 269/34/397 270/34/397 266/34/397
f 271/34/398 267/34/398 266/34/398
f 272/34/399 268/34/399 267/34/399
f 272/34/400 269/34/400 265/34/400
f 266/34/401 267/34/401 268/34/401
f 272/34/402 271/34/402 270/34/402
f 265/34/403 269/34/403 266/34/403
f 270/34/404 271/34/404 266/34/404
f 271/34/405 272/34/405 267/34/405
f 268/34/406 272/34/406 265/34/406
f 265/34/407 266/34/407 268/34/407
f 269/34/408 272/34/408 270/34/408
g Tube.069_Circle.071
v 175.236191 121.056305 226.795471
v 175.110321 122.388283 226.862900
v 176.141876 122.440224 227.717758
v 176.266556 121.108109 227.649246
v 174.389450 120.924072 227.825195
v 174.263611 122.256065 227.892670
v 175.295380 122.308022 228.747711
v 175.420029 120.975906 228.679184
vt 0.500000 0.500000
vn -0.769242 -0.040368 -0.637681
vn -0.092701 0.994364 0.051437
vn 0.769465 0.039245 0.637482
vn 0.092677 -0.994364 -0.051480
vn 0.632035 0.098678 -0.768632
vn -0.632008 -0.098677 0.768654
vn -0.769206 -0.040404 -0.637723
vn -0.092707 0.994363 0.051450
vn 0.769477 0.039193 0.637470
vn 0.092651 -0.994367 -0.051481
vn 0.631958 0.098635 -0.768700
vn -0.631992 -0.098648 0.768671
usemtl WallBox
s off
f 277/35/409 278/35/409 274/35/409
f 279/35/410 275/35/410 274/35/410
f 280/35/411 276/35/411 275/35/411
f 280/35/412 277/35/412 273/35/412
f 274/35/413 275/35/413 276/35/413
f 280/35/414 279/35/414 278/35/414
f 273/35/415 277/35/415 274/35/415
f 278/35/416 279/35/416 274/35/416
f 279/35/417 280/35/417 275/35/417
f 276/35/418 280/35/418 273/35/418
f 273/35/419 274/35/419 276/35/419
f 277/35/420 280/35/420 278/35/420
g Tube.068_Circle.070
v 195.791428 121.187813 251.136520
v 196.589905 120.440941 250.362106
v 197.543213 120.487419 251.295990
v 196.746140 121.234367 252.071655
v 196.284546 122.298843 250.573502
v 197.082748 121.551971 249.798843
v 198.037491 121.598534 250.733994
v 197.240417 122.345474 251.509644
vt 0.500000 0.500000
vn -0.713935 -0.037773 -0.699193
vn 0.594626 -0.557506 -0.579316
vn 0.714070 0.035979 0.699149
vn -0.594632 0.557491 0.579323
vn -0.369727 -0.829442 0.418721
vn 0.369701 0.829443 -0.418742
vn -0.713675 -0.037708 -0.699461
vn 0.594685 -0.557459 -0.579301
vn 0.714072 0.035966 0.699148
vn -0.594589 0.557530 0.579331
vn -0.369730 -0.829424 0.418755
vn 0.369704 0.829408 -0.418809
usemtl WallBox
s off
f 285/36/421 286/36/421 282/36/421
f 286/36/422 287/36/422 283/36/422
f 288/36/423 284/36/423 283/36/423
f 285/36/424 281/36/424 284/36/424
f 281/36/425 282/36/425 283/36/425
f 287/36/426 286/36/426 285/36/426
f 281/36/427 285/36/427 282/36/427
f 282/36/428 286/36/428 283/36/428
f 287/36/429 288/36/429 283/36/429
f 288/36/430 285/36/430 284/36/430
f 284/36/431 281/36/431 283/36/431
